-0.663038
0.572679
0.413071
1.28038
1.15985
1.16284
0.280908
1.16733
-0.102005
-1.12797
-0.786587
0.0821083
-0.282886
0.714913
-0.592951
0.300095
0.817278
2.08677
-0.619504
0.237911
0.240383
2.70115
-0.365092
0.729512
1.06833
1.31309
-0.63706
0.463934
-0.281839
-0.227621
-0.796286
0.755189
1.92659
-0.995308
0.395689
0.364541
-0.656186
-0.871119
0.307881
-0.324991
0.409422
-0.0688724
0.915359
-1.84023
-0.263886
-1.67505
0.360847
-1.01333
0.649185
0.171388
-0.174412
0.401787
0.360554
-0.38485
-0.334308
-0.482682
-0.0829114
0.162555
0.618683
-0.905671
1.22508
-0.486554
-0.651265
-0.586658
-1.27294
-0.987173
-0.983594
2.60418
-1.18726
0.407393
2.42747
0.22337
0.16206
0.789344
0.417425
0.198509
1.32673
-0.55088
-0.607881
2.25852
-1.30161
1.86177
-2.14269
-0.738353
-0.0652798
-0.414227
-0.804119
1.60887
0.555521
-0.340236
0.758943
-0.369406
0.86949
-0.0310541
-0.722428
-0.0691022
-0.931681
1.43337
-1.03365
0.904211
1.84627
-0.458063
-0.643474
2.30631
-0.191277
-1.95818
-0.136496
0.359274
-0.261693
1.32888
-0.857405
1.89412
-0.104439
-1.38744
-1.94554
-0.0305364
-0.379143
-1.16414
1.20123
1.44543
0.213591
-0.463022
-0.225886
0.221089
-0.603534
0.279393
0.694599
0.0227028
0.95327
1.11971
1.59706
-0.401969
-1.43878
0.727788
1.81576
-0.829555
-1.56916
0.652897
-0.0726562
-0.727276
-2.08657
0.680764
-0.794056
-0.465106
0.231817
1.16441
-0.103586
-0.23772
-0.711016
0.380654
-1.87433
2.15126
1.35665
2.04665
0.265536
-0.214986
-0.00396483
0.0709747
-1.05193
0.579997
0.797263
-2.35581
-0.440267
-0.125642
-1.76715
-1.96153
0.689159
-0.61109
-1.90189
-0.735548
0.671877
-0.501989
0.942363
-1.02613
0.21097
0.0518786
-0.700785
-0.250908
-1.19388
-0.976903
-0.264865
-1.95362
-1.38146
-1.66726
-0.950698
-2.36329
0.595643
0.551273
0.951085
1.50177
1.11883
-1.6426
-0.443199
-0.723605
1.23716
-1.10509
1.93145
1.77135
-0.879459
-1.02733
0.212455
0.773203
0.137462
-0.326666
0.615898
-0.000965697
-0.519054
2.73097
-0.67002
0.144381
-0.598379
0.524865
0.419206
0.815107
0.881821
1.37939
-0.197735
-0.389577
-0.552484
-0.546963
-0.0248814
-0.0936799
0.4126
-1.86556
-0.0819034
-0.175339
0.448374
-1.39809
1.49111
1.47677
-0.0323604
0.837061
2.22803
-1.0854
-2.11399
-0.751128
0.833898
-0.121403
-1.18242
0.81538
1.25905
-0.800295
-0.479795
-0.162115
0.379362
-1.3513
-0.217804
-1.56516
0.0853307
-0.530305
0.855715
0.661121
-0.0977501
1.13629
-0.238772
0.24794
0.8331
-0.83759
-0.663569
-0.662884
-2.02017
0.146059
-0.543808
0.25056
-1.49593
2.96011
0.410563
-0.210195
0.0870484
-0.0573122
-0.907899
-0.0680935
0.179427
0.89923
0.188711
1.17639
1.86817
-0.490016
-1.32414
-0.124563
0.310239
0.44195
1.89292
-0.130284
1.25484
-0.38945
0.643679
-0.287682
0.100459
2.13414
-1.53814
-0.446123
-0.536033
-0.537301
-0.252459
-0.124112
1.3767
-0.484704
1.42777
-0.856403
0.303975
-0.953977
-1.40926
-0.371647
0.516107
0.607526
-0.960817
0.510194
0.659601
0.605928
-0.43008
-0.457753
0.439158
0.188598
-1.02722
0.141438
-0.769699
-0.339499
-1.64692
0.753789
0.178758
1.23413
1.04471
1.21924
0.000582473
-0.338307
-0.923713
0.197859
0.327007
-0.725995
0.124777
-0.35254
0.97294
-0.262281
2.15723
-0.404686
0.327817
-1.41507
1.56267
1.30334
0.773288
0.86436
-0.356882
-0.571175
-1.36444
0.535676
-1.02111
-1.26083
-0.334176
-1.12177
1.90544
0.338803
-0.278918
-0.89189
0.121549
0.00805492
-2.98562
-1.07112
0.0534292
1.15588
-1.21568
-0.872259
-0.539416
0.472564
-0.531946
1.06987
0.0933765
-0.443985
-0.0981738
0.280296
0.159677
-0.624278
-1.44806
0.380318
-0.504571
0.683502
0.152295
0.0221667
-1.12136
1.6686
0.226797
0.447047
0.658398
-1.16253
0.17754
0.311572
1.88219
-1.48154
0.61125
-0.574826
-0.83884
0.186022
-0.777412
0.713923
1.60574
-1.0873
-0.402896
0.10229
-0.741378
-0.105117
-0.507515
-1.35657
-0.723452
-0.726446
-0.221169
-0.143679
2.27828
0.42879
-1.39324
-2.11644
-1.08564
-0.560158
1.18075
-0.343263
-0.476718
-1.02418
0.399137
0.788568
0.678431
-0.41313
0.516154
0.355441
-0.532844
0.642524
-0.475089
1.04193
-0.924838
-3.10265
0.63655
-1.23981
-0.701263
0.338019
-0.132672
-2.40426
1.24453
0.453589
-1.10996
-0.931938
-1.07441
1.27198
0.00942549
1.68971
-1.20342
-0.0353043
1.86476
-0.516012
0.824834
-0.30443
0.280994
0.0539251
1.79295
-0.652942
0.305654
-0.476435
0.320062
-0.203122
0.710402
0.203668
-0.744637
0.245966
-0.0561616
-0.814148
0.307276
-0.397343
0.295037
0.0430546
-0.931916
0.78492
0.758953
-1.79731
-0.725627
0.0823189
0.394742
-0.765538
-0.359865
0.648492
-1.8037
0.125785
-1.32022
-0.0499825
-0.881937
-0.080034
-0.250023
0.98613
-0.47925
0.68474
-0.960031
0.598636
-0.587119
0.0778575
0.352411
-0.826967
0.708292
1.83939
1.18149
0.293134
-0.0940087
0.278386
0.173337
-1.90321
-0.45189
-1.11036
-1.57987
-0.341488
-1.86775
-0.0261239
-0.796543
0.305212
0.072539
0.747629
-0.942723
1.03298
1.10765
-0.0510257
0.96978
-0.450394
0.623066
-1.87344
1.02398
-0.0784335
-1.03322
0.0883233
1.3557
1.34388
-0.566181
0.54937
-0.609716
-1.76806
0.112682
0.520896
-1.20463
1.81928
0.650236
-0.267403
-0.17682
-0.411079
0.0527979
-0.137713
1.05446
0.480044
0.0249368
-1.55393
-0.386766
0.492958
-0.615171
-1.65906
-1.16255
1.7539
0.941465
-0.28671
0.19601
2.02744
2.71177
-1.4062
1.46172
-3.51531
1.09753
-1.48196
1.00262
-0.697835
-2.32787
-0.966469
0.297378
-0.287494
-0.532874
-1.58443
-0.0133202
-0.670338
-1.20964
0.105934
-0.576636
-1.10583
-0.861851
-1.17319
0.840407
-1.5535
-2.51354
1.93375
-1.13603
0.207837
0.501238
0.347054
-0.564486
-0.790742
1.43004
-0.693103
-0.722731
-0.983492
0.415811
1.0234
-1.60188
0.308249
0.61402
2.0981
-0.749733
-0.0555029
-1.44614
1.05639
-0.12503
0.714292
0.571635
-0.170457
0.48576
-0.81154
0.366455
2.36413
0.546207
-0.983043
-0.726456
0.547509
1.34894
-1.54095
0.190708
-0.434772
-1.02525
0.901784
0.307244
-1.51759
0.477126
0.000769031
0.929598
-0.950187
0.285427
-0.0849247
2.54438
-0.301993
-1.39316
1.01855
-1.39595
-1.17599
-0.957067
1.19392
-0.398765
-1.7907
-1.77783
-0.457774
-1.99671
0.819784
-1.16298
-0.814385
-0.311808
1.59902
0.323654
0.314997
-1.33213
0.622239
0.971401
0.12365
0.108137
-1.29855
-0.406156
0.639545
-0.15986
1.48503
-0.562847
0.00371464
0.466206
-0.658567
-0.187413
1.13738
0.938307
0.685161
-0.000190217
0.534236
-1.91711
-1.32102
-0.875638
-0.273008
-0.663598
0.708373
1.88639
0.745647
-2.04736
0.378428
-0.128147
0.447539
-1.56755
2.38231
-0.732865
-1.82428
0.0179172
0.40614
0.819976
-1.06015
-0.332564
-0.603321
-1.16699
-0.181749
-0.1923
-0.479456
-1.94189
0.984975
0.795042
-1.91642
0.0406908
-0.317111
-2.439
0.0933368
0.459047
0.624348
0.598695
-0.345725
0.908069
-1.44817
-1.73289
0.0830168
1.18654
0.880217
0.218224
0.466793
-0.421838
-1.24079
-0.0470177
-1.03667
0.252692
0.0134439
-0.374859
-1.32032
-0.611827
-0.962148
-0.57689
0.502784
1.10527
-1.67765
0.455546
1.18446
-0.369972
-0.868225
-0.894008
0.947512
0.387175
-2.28055
1.52827
-0.93805
-1.19471
-0.525904
-0.218115
0.235141
-0.351905
-1.09729
0.944581
0.0498351
-0.52665
0.204425
-0.990072
-0.0155252
0.614572
0.910234
0.397966
-1.54263
0.935614
0.84614
-0.993891
0.642803
-0.384281
-1.4095
-0.210942
-0.292944
0.459565
-0.763648
0.218971
0.0722855
-0.442167
0.475441
-2.53262
1.70643
0.0619181
-0.163529
-1.976
-1.81264
0.364392
1.24998
-0.378326
-1.63092
-1.70165
1.699
-0.517497
-1.10843
0.478969
0.415173
1.31404
0.493163
0.675193
0.279865
1.00455
-0.0740173
0.421144
0.821273
1.4816
-1.64561
1.77831
1.43
-0.512432
-2.30569
-1.37762
-0.663667
-0.689901
-1.57458
0.228539
1.64741
-0.349789
-1.49983
-0.761436
-2.98465
-1.36937
0.947068
-0.0115608
-0.0847546
-0.332775
0.520526
-0.494651
-0.496514
-0.226452
0.0958281
1.26058
0.146407
-0.359362
0.311499
0.365069
0.489593
-0.556041
-2.67118
-0.523457
-0.207777
-1.37165
-1.12996
-0.917539
-0.660008
0.379062
-0.639243
-0.748634
-0.350586
0.011469
-1.69577
0.457377
0.746887
0.627621
0.883804
-1.01052
0.00310247
0.00919186
-0.0163924
0.360066
-0.280045
-0.0461436
-1.67509
-0.743959
0.884513
0.901792
-0.176534
0.270609
0.388247
-1.18553
1.11764
0.579773
0.211659
-1.54875
-1.2471
-0.283959
0.048051
-0.69149
1.17853
0.530443
0.719767
0.722613
-0.753577
1.59824
-0.856128
0.481851
0.4876
-0.919024
0.152833
-1.17905
-0.647329
-1.38453
-0.908906
-0.943621
-0.822606
2.08187
0.306228
0.522404
-1.19976
0.430285
-1.97252
-0.711803
-0.576162
-1.29332
-0.511454
-1.20716
-0.848611
0.479737
-0.776819
-1.07502
0.362361
0.105713
0.336103
0.0672595
0.488269
0.289445
1.4756
-1.88958
-1.27619
0.0561022
-0.911478
0.455697
1.14807
-0.983337
0.669912
0.156385
1.1775
0.51488
-2.90155
-0.787907
-1.28993
0.591115
0.370665
-0.168901
-0.629799
0.424362
-0.823844
-1.1783
-0.150716
-1.22807
-0.970159
0.552971
-2.1903
-0.423374
1.86867
0.315812
1.02787
-0.0795192
-1.24568
-1.27249
0.803615
2.15285
0.56554
-0.0463644
1.71718
0.877221
-1.90305
-0.22169
-0.705164
-1.10429
-0.393455
0.396482
0.102948
-1.04558
-0.315025
-0.892621
0.123289
-1.7144
0.060644
0.208431
-0.0454999
0.622467
2.14707
-1.59729
1.06483
-1.89205
0.640955
-2.11341
0.162154
-0.303618
-0.0933516
-0.254098
-1.9881
0.770334
2.89974
0.703067
-0.0206843
-0.560314
1.40697
-0.233867
0.584639
1.44383
-0.309678
-1.03636
-0.528694
-0.00406078
1.21534
0.595103
-0.582656
-1.15745
-0.192535
-1.85992
-0.502839
-1.65932
0.948894
-0.797713
0.226244
0.495783
0.849786
1.44796
-1.04811
0.162654
-2.91289
-1.48058
-1.16902
-0.628059
1.39597
-0.386209
-0.113267
-0.148341
-2.03105
-0.624484
-0.163667
1.85763
-0.596983
0.232479
-0.869164
0.111298
0.168584
1.52119
2.21431
1.02718
-0.502071
-1.80702
-0.484933
0.200314
-0.772004
-2.87895
-0.781647
2.33406
0.375843
-0.125097
1.75393
0.738605
-0.83349
-0.215908
0.125674
-1.5028
-1.49756
0.567769
0.146838
-0.215714
1.81946
0.772347
-1.52408
-1.14829
0.425902
-2.84242
-0.543755
1.24985
-1.21131
0.0921937
-0.265762
-1.26441
-0.965727
1.0587
0.154838
0.367992
0.267237
-0.837962
-0.854603
-0.634879
0.428365
-1.15106
-0.114758
1.82276
-1.82943
1.50744
0.705069
-0.600165
-1.67534
-1.57982
-1.18952
-0.0130247
-0.0979483
0.386953
0.447857
0.569606
1.03042
-0.463174
2.52958
0.0553987
1.04266
0.588315
0.783778
-0.0325285
-0.34211
0.308084
-0.372318
-0.674439
0.912184
-1.51297
1.14321
-1.76741
0.0498127
0.500737
1.02535
-0.394298
0.651596
0.826256
1.40294
0.335885
-1.32746
0.2665
0.225544
0.460193
-0.215587
-0.519264
0.492351
1.14747
0.0731693
1.69491
0.563068
-0.445273
-0.03336
-0.9278
-0.118465
0.814196
1.5623
-1.79235
0.098672
0.54494
1.05265
-0.239449
0.690026
0.732958
-0.413032
-0.648669
0.773048
-1.50773
0.973661
-0.541896
0.792861
-1.20387
0.383483
-0.474191
0.140183
0.130994
-0.126505
0.0694625
1.32792
-0.707563
-1.57948
0.424897
1.72884
-0.924963
-0.308327
-0.130042
0.253375
-0.970332
0.623508
0.701492
0.779143
-0.223331
0.283141
0.68925
-0.933189
0.85252
0.386118
0.391363
-0.660587
-0.460068
-0.697211
0.609581
1.86021
-1.00755
0.38116
1.20039
-0.786295
-1.40749
0.477369
-0.0109674
1.00054
0.0695
-0.140461
-0.371668
0.354144
0.446535
-1.13221
-1.69837
0.802398
1.26402
-0.700598
0.799376
-0.600878
0.530423
-1.19844
-1.04221
-0.266936
-1.2934
0.170052
-1.1958
1.15925
1.46523
-0.470087
1.21017
0.90212
0.145796
-1.05797
0.936317
0.70238
0.627175
0.63439
-0.375985
-0.251301
-0.721192
-1.26388
-0.932448
-1.44524
0.588251
-0.873558
-0.613286
1.48589
0.881871
-0.248172
0.57508
-0.282405
-0.477521
0.380031
0.0951726
-0.639192
-0.00136836
0.225999
-0.381803
0.136951
0.574186
-0.285014
0.369678
0.940833
0.686644
0.0922873
-0.822498
0.274081
1.08996
0.0011954
1.57979
-0.293252
-0.322074
1.83914
0.587024
-0.465298
1.41918
0.498535
-2.3061
0.330303
-1.16427
-1.59284
1.1295
-0.348795
1.00174
-0.670827
2.1496
-0.459673
-0.194176
-0.446518
0.440671
-1.70116
0.434518
1.15327
-0.472919
0.500655
1.05692
-1.37944
0.629564
0.355506
0.814038
0.453762
0.184984
-0.215772
0.266624
-1.01339
-0.489329
-1.33868
0.866823
-0.248429
1.01174
1.32335
1.27605
-0.10455
-0.100101
-1.64054
-0.37381
-1.02353
0.0205829
-2.06758
0.034582
-1.3789
0.465092
-0.853214
-0.51924
-1.52347
-0.587354
0.394258
1.49947
0.172026
1.10766
-0.47317
-0.809013
0.80268
-1.78543
0.832858
-2.06091
0.455468
-0.314246
0.361477
-2.01025
2.30468
0.383682
-0.457182
0.870208
0.0327727
1.57993
1.6178
-0.747038
-0.868445
-0.385901
0.363802
0.639423
0.941738
1.15397
-0.628716
1.48183
-0.736332
-1.03949
0.00970551
0.474208
0.289124
-1.39687
-0.713145
-0.164427
0.173106
0.0947829
-0.991805
0.607122
0.168522
0.0482967
1.75887
1.60902
-0.866174
1.62282
-1.61634
0.566349
-1.01156
-1.28035
-1.29906
0.52983
-0.952479
-1.15514
0.727359
1.43012
1.92213
-1.23952
0.739583
-0.629379
0.701471
-0.848973
0.466977
-0.0268884
0.316154
-0.566395
0.734026
-0.0576301
1.08096
-0.832742
-0.497406
0.943451
-0.80164
1.09897
-0.946287
-0.311765
0.0498808
0.195551
-0.539869
-0.00526022
0.202521
-0.601751
-0.0242808
-0.0611915
-1.04948
-0.369016
1.93493
-0.481417
-0.0932915
-0.458542
0.576878
0.514954
-0.0434251
-0.0915407
0.665957
-0.0510779
0.134525
2.86312
-0.764923
-2.06066
0.600512
-0.328182
0.423707
-1.55446
-1.80341
-0.525694
-1.1119
-1.88524
-0.709326
0.0401446
0.0091584
-0.801308
-0.867495
0.80146
-0.624615
1.38941
-1.32958
1.5612
-1.95519
1.41794
-1.05976
1.12556
-0.270915
-0.496456
1.36281
-0.650058
-1.29029
-0.383756
-0.174024
-0.918812
0.143007
-0.759944
-0.715165
-2.33709
-0.270523
-2.25919
-0.306131
-0.51069
-0.152927
0.961076
1.65248
0.955986
0.395123
0.304147
1.96422
-0.779954
-1.12847
-0.687051
0.939838
0.420609
0.0747233
0.131501
-1.2815
-1.31998
0.806599
0.357434
0.80895
0.537264
-0.0404238
-0.185026
-0.591592
-0.54677
0.0581245
0.274052
0.391386
0.183234
-0.215621
-2.80964
-0.309514
0.922994
1.56348
0.357991
-0.357179
-0.0112871
-0.498084
1.24184
-1.61637
1.51889
0.840402
0.355964
-0.55884
1.01127
0.0626116
-0.938388
-0.435915
-0.975431
-0.111534
0.528471
0.0994223
-0.237913
0.602653
0.734088
1.9625
-0.254944
-0.663886
0.751461
1.13403
0.269776
-1.7039
-1.60858
0.985979
0.987215
-0.995977
-0.0618269
1.22357
1.63407
-1.24655
-0.356542
0.0907491
-1.4768
-0.227837
1.83269
0.366553
0.0843997
0.886887
-0.0285541
1.54738
-0.356388
-0.467854
-0.22516
0.0158788
-0.89371
0.756279
0.620797
-1.29749
0.926959
0.101751
-0.755488
2.26692
-0.124949
0.587474
-0.293257
-0.490258
-0.812439
-0.0575918
-0.640153
0.792214
-0.751959
-0.716522
0.351562
-0.600305
0.27214
-0.594293
-0.760614
0.326371
1.34702
-0.832582
1.42715
2.30838
1.09881
-1.60038
-0.793741
-0.866129
0.0368867
0.69116
-0.0460178
0.0305289
1.09071
-1.0054
-1.56486
0.0966135
1.9831
-1.34104
-1.38599
0.0242465
1.60333
-0.822107
-0.856126
0.160736
-0.329804
0.581162
0.737868
1.67592
0.0266427
-0.701661
-0.0509564
0.93075
1.41964
-1.4686
0.706532
0.625608
1.00719
-0.329523
-0.848983
0.265806
-1.70216
-1.0946
-0.314137
-0.673383
-0.340947
-0.661235
-0.424347
-0.272412
-0.700328
-0.80747
1.42773
-2.311
0.206686
0.464344
0.702989
1.2451
-1.02676
0.650829
0.180593
1.19172
0.713966
-0.956399
-0.303705
-0.0937087
-0.916618
0.421731
0.606907
0.0442281
0.0153225
0.734332
-0.958929
0.216275
-0.821365
-0.803268
-0.841424
-1.22043
0.600825
0.315795
0.580579
-0.379598
1.15697
-0.00443769
-0.108376
1.12068
0.530155
1.11643
0.682553
-1.85902
-1.02957
-0.842583
-0.14478
-1.29346
-0.320885
0.201652
1.58138
0.168576
0.473441
-0.636326
1.13586
-1.93305
-1.76908
-0.126925
-2.41413
0.99756
-2.11843
1.08876
0.700775
-0.702166
-0.0376656
-0.00114206
0.439601
1.86518
-1.46146
0.0905502
1.18697
0.5266
0.800853
0.167657
-1.23083
1.94121
0.584849
2.12975
1.14943
-0.729705
-0.498832
-1.73609
-0.238064
-0.274157
1.74521
-0.556814
-0.548689
-1.11396
0.96715
1.08271
0.197398
0.458355
0.594314
0.268407
-0.932926
1.29274
-3.07311
-1.52555
-0.367109
-0.498393
-0.43616
0.450264
0.0418907
-0.126116
-1.83309
-0.105649
0.768665
0.429266
0.024096
-0.356056
-0.43739
0.855169
-0.61457
-0.476075
-2.54313
0.497735
0.168683
-1.02958
1.69366
0.0905411
-2.24607
1.73401
-0.147263
-2.42231
0.163679
0.55877
0.250746
-0.203448
-1.43308
0.129721
-1.61255
0.603879
0.592164
0.674527
0.644395
-1.14079
-1.23831
-0.181135
-0.606289
0.567915
0.177579
-0.864425
-1.04082
0.267734
1.26791
-1.59473
0.820311
-0.838866
-1.55681
0.121456
1.74613
1.65258
-0.20696
0.558864
-0.443127
2.16888
-1.04405
-0.943009
-0.990054
-0.86897
-0.0624824
1.28682
-0.43493
0.0653468
0.0500514
0.573131
0.6346
1.24858
0.238782
-0.935568
-0.284389
0.792052
0.309729
1.6413
-0.352372
-0.573168
0.0483084
-1.84017
-0.68818
0.657197
-0.705415
-0.0514438
0.882245
-1.96893
0.492628
-0.833333
-0.471778
0.49246
-0.740011
-1.19485
0.687209
0.163721
-0.519354
1.51409
-0.301603
-0.885637
0.898686
-0.216799
-1.09594
1.93609
1.44872
-0.213784
-0.0664463
0.413702
-0.915089
1.47018
-0.270071
-0.558665
-0.738503
-0.68073
0.220879
0.320823
-0.356996
-1.28144
0.689275
-0.458847
-0.0762306
1.07712
-0.150466
-1.00893
-0.937206
0.360496
0.130517
0.442015
0.672714
-2.25376
-0.762582
-0.507492
0.295296
-1.43427
0.837575
0.634346
-0.2332
-0.496645
0.337109
0.129295
0.207212
0.658532
-0.377257
-0.860675
0.515573
0.182471
-0.0324135
-0.159243
0.201261
-0.316169
0.034967
0.409604
-0.860095
-0.92652
-0.695752
-0.562934
0.181784
-0.178343
-0.631708
1.25022
-1.40007
-0.0725687
0.486771
1.32973
0.1018
0.234867
-0.38356
-1.10559
0.499956
-0.280591
0.872436
-0.334659
-0.709506
-0.0717253
-1.37684
0.944221
1.42103
-1.49594
-0.430193
0.618252
-0.614616
-1.77278
-1.02851
0.888546
1.86501
0.69717
1.04315
-1.07776
0.00389257
0.971493
0.555487
1.48529
-1.51866
-0.175659
0.354904
0.57803
-0.392787
-1.33865
0.147072
0.364765
-0.753526
0.5499
-0.353324
1.02165
-1.19159
2.70611
-0.236188
0.0627848
-0.227221
1.68774
-0.855007
1.45051
0.184607
-1.31122
0.64182
-0.445737
-0.143923
0.352399
1.33492
-2.13347
-0.0242461
0.724944
-1.29584
-0.379227
-1.18928
0.413629
0.028403
0.659167
1.18393
-0.696628
2.20538
-0.664394
-0.194658
0.447529
2.29898
0.737864
-0.691717
-0.914672
-0.403344
-1.65021
-0.115543
0.0988509
0.562758
1.13063
-0.199994
-1.93921
0.0608518
-1.09463
-0.699541
1.28694
1.43817
-0.271971
0.388046
0.481781
0.420341
1.60277
-0.352935
0.0812683
0.382791
0.00738634
1.3692
0.943245
1.48152
-0.29587
0.756242
-1.3781
0.26158
0.561237
-0.349309
-0.413941
0.308885
1.3486
-0.431264
0.0859828
0.160197
1.24537
-0.835479
1.56318
0.735771
0.697
1.36942
-0.303005
1.84346
-0.0318349
0.239495
0.58173
0.255898
0.157867
1.54948
0.75608
-0.268174
0.890191
-0.487998
2.51309
-0.308283
-1.23177
-0.246394
-1.53218
0.719414
-2.03832
-0.128098
-0.388569
0.0603414
0.83752
0.0144785
1.43538
0.763262
-0.592453
0.444052
0.627671
0.561638
-0.548298
-0.718037
-0.329088
-0.4688
0.3866
1.13383
-1.47805
0.834752
0.143434
2.26438
2.00026
-0.548476
0.786249
0.88651
0.188647
-0.229026
0.791095
0.789677
-0.0525836
-1.26186
0.77568
0.171798
0.75776
1.37579
0.419687
0.787291
0.808486
-0.0275781
-0.17677
0.50049
1.36009
0.851741
0.408006
-1.77847
1.34849
0.797253
0.20169
0.940049
-0.94877
0.307013
0.718911
-0.997751
-0.806843
1.76814
-0.770146
0.399923
0.512233
-0.0137543
1.32379
-0.589526
0.885516
0.64601
0.349037
0.0167452
0.591038
-0.196771
-0.824946
1.24951
1.76326
-0.292776
0.436188
1.67105
0.468312
1.19185
1.1354
-0.0518883
0.277776
0.729243
-1.51385
-1.42648
0.267615
-1.09669
-0.147844
-2.35242
0.0993161
0.0470965
0.583863
-0.649082
-0.773497
-0.574997
0.00219152
-0.0714378
0.70762
0.517034
-0.586888
1.06218
1.09483
-1.2162
-0.175599
-0.130033
1.90524
0.0527826
0.914596
0.515762
2.0873
1.24847
-0.0335306
-0.290676
-0.530665
-1.11491
-0.833369
-1.16851
-0.62661
0.22866
-0.0210272
0.194314
1.24351
0.30603
0.234996
0.0428872
-2.04706
1.62193
0.420066
-0.909985
-1.15499
-0.198985
-0.247229
2.69257
1.1918
-0.50484
0.370416
-0.446514
-0.347556
-0.308981
0.883987
-0.982823
-0.325894
-1.40669
-1.68609
-0.67533
0.697325
0.785625
-0.924776
-0.833289
0.65766
0.807679
0.18706
-0.299121
0.212573
-1.06262
1.19982
0.763565
1.40349
0.376161
-1.6126
1.59056
0.157737
0.538861
0.161329
0.88208
2.02549
-0.165139
0.749778
-0.602439
1.55136
1.90708
0.191308
0.33148
-1.13096
0.16989
-0.453748
-1.71201
-0.479611
-0.953165
-0.793083
0.745936
-0.922369
0.218578
-0.431096
-0.091644
-0.0426144
-1.69277
-0.571779
0.418774
-0.29865
0.316353
0.885359
-2.08645
0.206907
0.637448
0.114399
0.416555
0.41076
-1.78168
0.231638
-0.433091
0.057381
-0.285457
0.485981
-0.155738
0.651041
-1.10792
-0.570378
0.918892
0.670599
-0.144999
1.25888
-0.884452
1.30061
1.9545
-0.357057
1.13956
-0.892576
1.89922
1.82631
0.610313
1.72318
-0.527457
3.21111
-0.208104
-0.692247
1.47897
1.3431
-1.3833
-0.910609
-0.49828
1.9378
1.18957
-0.7413
-0.360526
0.605105
0.740489
-0.945633
-1.47684
-0.777677
-0.778158
-0.849509
0.435869
2.38194
-0.635483
-0.966418
0.523671
-0.730393
0.724672
0.687473
1.24872
-2.74846
0.980051
-1.33088
-2.13426
-1.20734
1.84455
-0.880601
1.0256
1.69262
-1.74733
0.337053
-0.746881
-3.26413
-0.423885
0.0661069
1.16002
-0.960092
0.361881
0.174776
0.629346
-0.206632
0.87307
0.187324
-0.599544
-0.325492
1.19585
-0.934045
-0.427324
-0.754447
0.129525
-0.929284
-0.493135
0.41278
-0.444146
-1.0397
-0.560088
0.672173
-0.461116
-0.672195
-1.18899
1.74307
-0.036172
0.116923
0.308396
0.847048
0.677946
0.652549
1.29295
0.00148788
0.49353
0.685517
0.612401
-1.10908
1.26963
0.169412
0.715627
-1.81582
-0.18156
-0.159328
0.590516
0.436999
-0.209766
0.120041
-1.03802
1.56136
0.00845821
-1.37315
0.699097
-0.274656
0.384375
0.241001
0.589249
-0.461139
0.431881
-0.938848
0.519928
0.483543
-0.524167
-0.94416
-0.5825
0.124731
0.564372
-2.15902
0.988431
1.80531
0.248832
1.56485
0.0630967
0.221708
-1.87485
-1.73395
-0.544305
-0.591647
0.758897
0.0829385
0.399677
0.269414
1.08991
0.86639
-0.757691
0.990937
0.0488007
-0.974326
0.103156
-0.292796
0.500011
-1.59524
1.11109
0.754269
-1.01426
-0.308173
0.0745081
-0.259833
-0.542292
0.266651
-1.6663
0.793811
1.05796
0.301658
-0.238129
0.740831
-0.289656
0.039056
1.82136
0.91356
-0.359856
-0.692632
-0.280629
-1.318
0.00622851
1.31952
-0.973045
-0.0519675
-0.367025
0.00984359
0.779692
-0.835936
0.379508
0.684201
0.806881
-0.552506
-0.777649
-3.46669
-0.520996
0.890253
0.0575143
-2.02923
0.335221
0.105431
0.559213
0.217202
-0.881003
1.02177
1.29113
-0.0102604
-0.572719
-1.95747
-0.347596
0.6878
0.249715
-1.966
1.57844
-0.47108
0.691054
-1.67101
0.108557
-1.10304
2.01227
-0.872686
-0.404455
-1.9072
-0.111921
0.0388181
0.50447
0.946905
0.043375
-0.291873
-0.791123
-0.946761
1.21233
2.19361
-0.108343
-0.474345
1.04242
0.0337856
-0.639713
-1.69515
-0.57966
1.62432
0.139994
1.14305
-0.494149
1.26332
-0.268123
0.230871
0.911921
1.31311
0.691196
-0.0296787
0.063474
1.47074
0.64487
-1.65901
-1.41828
0.0869389
-0.838902
0.827362
-0.212645
0.0343425
-0.715623
-0.172883
-1.30235
-2.46038
0.164617
-2.85453
1.14541
0.176411
-0.0515314
1.37278
-2.07831
-0.439493
-1.88448
-0.495352
0.104672
-0.863033
-0.471064
-2.01255
-0.651244
0.174544
-1.3083
-0.915742
-2.34884
-1.86854
0.311146
0.587448
0.28887
-0.41653
-0.675444
-0.614072
-0.573947
-0.0213754
1.27848
-0.377307
0.703047
0.985204
0.00917249
0.382554
1.31379
0.908772
0.383471
-0.0864616
1.62513
-1.40028
-0.249796
1.42664
1.31071
0.463221
-0.555329
-2.32937
0.500043
0.782435
0.376576
-0.337588
-1.11243
-0.947423
0.263655
2.05632
0.215702
0.398273
-1.89221
-0.59973
-1.10949
2.15537
-0.618072
1.11611
0.482113
0.585475
0.577737
-0.337256
0.306901
-1.39317
-0.0610091
-0.103985
0.464268
0.821451
2.58616
-1.32807
-0.622561
-1.09439
-0.219575
-2.0069
-0.890711
-0.644759
1.23301
0.080745
-1.42101
0.221793
0.212771
0.198874
2.09906
-0.901497
-0.149
0.613162
-0.42292
1.4511
-0.332319
0.393761
1.63824
0.813688
0.269766
1.25783
1.89498
-1.1483
0.843538
-0.842476
-2.28441
-0.0120543
-0.958334
-1.51713
0.455696
-2.16035
0.309412
-1.17511
0.638592
0.698305
0.0852057
0.809474
-0.730104
0.341346
0.586057
-0.672147
1.12952
-0.301178
0.628298
-0.174809
-1.20382
1.19177
-0.200685
1.04716
-0.048112
-0.306681
-0.37196
-1.04889
-2.00171
-0.48592
0.522546
0.993933
-0.828233
-0.0388814
1.33378
1.04743
-1.53447
-0.612194
0.378443
1.12905
-2.66404
0.167286
-0.0256166
-0.506571
-0.982174
-0.232576
-0.292275
0.0627121
0.360865
-0.276151
0.658154
0.547267
-0.387604
-0.0815528
0.18672
1.58727
0.0719437
0.783792
-1.27343
2.54648
-1.10502
-0.799051
-0.356508
-0.480036
-0.94134
-0.0537773
-0.887047
-1.71031
-1.4633
0.591579
-0.426916
-1.22541
-0.00663478
1.12941
-1.0896
1.26919
1.3915
0.275259
1.68345
0.85082
-0.297141
1.13072
1.20024
-1.54378
-0.978014
-0.315876
-0.193897
-0.796066
0.595943
0.448129
0.357177
1.2512
-0.535132
0.928777
-0.00706795
-1.89298
0.405805
0.980212
0.747353
1.02482
0.995575
-0.345725
-0.216652
0.24582
1.17149
0.39294
-1.39784
-1.61821
0.476302
1.22265
1.24738
-1.60499
1.23525
0.405884
-0.0709463
1.65779
1.36329
-0.674429
2.60781
-0.595778
-0.885094
2.42928
-0.476453
-0.144118
0.48386
1.46898
1.36294
-2.04341
0.856247
0.214873
-0.268376
0.356973
0.126683
-1.27756
-0.622978
0.274345
1.30897
-1.7451
-0.401221
-1.18649
0.696519
-0.572693
0.171525
0.51969
0.945306
0.115827
-0.0826849
0.624362
0.978257
-1.91098
-0.546588
1.55379
-0.557668
-0.673128
0.80675
0.837512
0.780362
-0.684633
-0.943899
1.96081
1.34223
-0.655244
-0.336907
1.6614
1.52638
1.34708
1.13839
0.31582
-1.64483
-1.23
0.761775
-0.807472
0.955463
-0.447043
1.10622
-0.0941749
-1.1605
1.04758
-0.613789
2.46533
-0.470652
1.08207
0.449266
-0.990894
1.21
-0.0791495
0.224946
-0.110294
0.0309909
0.87178
0.275086
1.91196
-0.0655436
0.677593
-0.940099
-0.728205
1.43565
1.87585
-1.21865
0.617055
-0.734299
1.10456
-0.480358
0.9158
0.293764
-1.02371
1.61594
1.2898
-1.73195
0.833566
-0.979413
1.05235
-1.18403
-1.12118
2.37457
0.80671
0.501763
1.61959
0.309925
0.904792
-1.18261
-0.0549508
-0.232895
-0.280016
0.468348
-1.84261
0.655209
1.42806
1.68902
-0.113833
-0.220634
-0.904184
-1.14642
1.19671
-1.01038
-1.64519
0.373502
0.12416
0.930077
-0.302637
1.09809
-0.163749
-0.29423
-0.619434
-1.30872
0.59423
-1.27709
-0.0626705
1.25727
0.243363
0.179117
1.21796
-0.405715
0.21302
-1.00569
-1.42203
0.238589
-0.984461
-0.487544
-1.12082
1.61641
-1.78301
1.38294
-0.447898
-0.575618
-0.333617
-0.0997879
0.36227
0.546901
-1.72171
-0.739048
-0.250211
-0.285538
-0.545014
-0.841926
0.0920761
1.07277
-0.452833
-0.918216
0.858179
-0.728469
-0.165678
-0.849154
0.396809
0.0294668
-0.0506264
1.77926
0.559942
-1.87658
0.886874
1.06535
1.90794
0.966806
-1.91964
-0.257698
0.978432
-0.681677
-0.505425
-0.0150048
-0.313213
-0.0923651
0.997658
-0.407147
-0.678085
-0.882299
-0.034676
-1.13656
-0.836678
0.0893541
-1.05669
0.496518
-1.47419
-0.0579449
0.161494
0.236269
-0.154578
0.0469873
-1.80633
0.779759
1.04656
-0.991811
-0.0791838
-1.29132
-0.617105
-0.770502
-0.107124
-0.785874
1.22286
0.120489
1.50587
-0.308629
1.22873
0.278201
0.33753
-2.07256
0.710934
0.0298976
0.888872
-0.899874
-0.418318
-0.506067
1.05224
0.150188
1.42619
-0.621678
-0.524484
-0.959613
-0.737414
0.236732
0.866844
-0.453844
-0.352347
0.622683
-0.452454
-0.0597719
2.16346
0.181718
0.210415
2.14607
0.221835
-2.14906
-1.91012
0.822312
-0.765811
0.993365
1.41145
-2.71996
-0.417441
-1.19621
0.240917
1.70498
1.6441
-0.410938
0.895866
1.56107
-0.94695
0.152043
2.39213
0.964203
-0.794924
0.259218
-0.0249257
1.83957
-0.189909
-0.527344
0.523559
0.272457
-1.09241
-0.102502
-0.478608
-0.171896
-1.50657
1.66004
-0.17877
-1.72172
1.71736
1.57089
0.509152
1.14029
-0.858802
1.8429
-0.849377
2.78556
-0.888447
0.555777
0.944122
-1.3811
0.278094
-0.778583
-1.39296
1.09275
-2.88008
-0.234777
-1.77195
0.891287
-1.02937
-0.205784
-0.919985
-0.4434
0.740191
0.223728
-0.012936
-0.655327
-0.284522
-1.23821
0.307193
0.181738
0.355895
0.0731225
-0.720021
-0.582291
-1.81318
0.870859
-0.265302
0.0567956
1.49297
1.46552
0.586554
-0.303607
-1.3808
-0.518384
-0.392936
1.07194
0.846672
0.556967
0.176636
-0.526561
-1.13181
-0.914658
-1.77443
0.867464
0.663394
-0.940135
-0.997749
-0.300923
0.155371
0.0690555
-0.682821
-0.567349
1.76363
-0.462204
0.590437
1.06556
-1.13305
0.354415
1.25182
-0.562753
-1.29286
0.303434
-0.747612
1.24126
-0.275839
1.09562
-0.471838
0.881459
-2.32855
-0.347333
-0.844106
-0.448082
0.251447
0.813941
-1.74671
-0.924172
0.2985
-0.10665
0.389984
0.00738667
1.49055
-0.287397
-1.13072
-0.957451
-0.809448
-0.295694
0.0824073
0.0565575
-0.596283
0.94445
0.356162
0.806082
-0.713752
0.545408
0.650393
0.860617
0.248604
-2.11312
-0.126001
0.30291
-0.728922
-0.440357
0.165229
-0.205473
1.10957
-0.14289
2.18848
0.0485772
-0.904942
-0.550243
1.34108
0.644001
0.11365
0.0384818
-1.01803
0.918476
0.0321419
0.0855746
-1.26732
-0.279842
-1.3689
0.625148
-1.69732
-0.404796
-1.18729
0.934167
-0.14578
0.838921
-0.251416
-0.62356
-0.86234
-1.61924
-0.0325286
0.611242
-1.16427
-1.77694
-0.249274
0.802151
1.20934
-2.59423
-1.11074
0.262718
0.33605
-0.584689
0.0672596
0.25612
0.450216
1.84022
-1.20912
-0.930376
0.86756
0.771901
-0.241907
1.88733
1.43815
-0.283157
-1.09164
-1.36255
0.523272
-1.11938
-0.458949
-0.453942
0.489136
-0.241209
-0.652403
-0.0905239
-0.943518
0.805789
-0.0931343
0.606179
0.89543
0.967192
-0.0864626
-1.62123
-1.46111
-0.132765
0.655928
0.731508
-0.660427
-2.83385
-0.219008
-0.325651
1.00476
-1.17716
-0.674513
1.57726
1.14903
-0.78427
1.13235
0.20063
1.26071
-0.0195517
-0.43585
-1.65488
0.937059
-0.0509631
0.589349
-1.03427
-0.22973
1.38809
0.850993
-1.80502
0.701004
-0.125337
-0.265475
0.132273
1.14483
-1.03765
-1.26704
-0.112403
-0.262071
-0.478298
0.424394
0.0462003
1.08175
0.862978
-0.133339
-1.16905
0.585178
-0.586957
0.598295
1.01584
0.425495
0.406888
-0.317442
-1.11505
-0.258864
-2.17458
0.732254
1.13046
-0.104937
-0.92131
-1.26367
-0.15141
0.674364
-0.701549
0.365686
-0.399543
2.25903
-0.0288675
0.474214
0.0671667
-0.0119268
0.523301
-0.0511103
1.39856
1.53108
1.21902
0.373777
1.87938
-1.1493
1.5985
-0.717191
-0.750232
1.30272
0.329878
1.29455
-0.531285
1.11878
0.487413
1.53881
-1.50018
0.152495
-0.152784
-0.0361606
-0.601416
1.17504
0.358576
1.60666
0.577027
-0.958593
-1.25554
-2.80155
-1.49055
0.0663942
0.307854
-1.51354
-0.369883
-0.742771
0.391521
1.35154
-1.07919
-0.954167
0.0346248
0.229217
0.0912198
-0.327226
-0.773844
-2.18587
0.276005
-2.28781
1.49428
0.858863
-0.492762
0.349926
-0.390627
0.183245
-0.544941
0.297989
-0.194581
0.703018
0.141313
-0.309787
-0.716126
-1.40578
0.0639838
-1.30413
1.56384
2.3316
0.582222
0.874414
0.675937
0.679329
-0.0639048
-0.0193354
-0.461437
-0.580945
-0.805026
-1.54997
1.93865
-1.21465
1.53974
0.594643
-1.24779
-1.97421
-1.23857
-2.15215
-0.187492
-0.763682
1.58955
-0.30528
-2.06787
-0.199648
0.792091
0.412824
2.73605
2.19863
0.636128
1.11073
-1.12535
-0.684705
0.765617
-1.00203
-0.80081
-0.64657
-0.580121
-0.0832986
-0.499695
-1.31695
0.304296
-1.43727
0.0647388
0.398047
-0.949448
-0.400162
0.412762
-0.0442393
1.31573
1.97007
0.108893
0.697531
0.740138
1.24483
1.347
-1.38447
-0.624304
0.812713
0.354687
0.20232
1.275
-1.12318
0.739087
-0.110628
-0.0139086
-0.235198
0.135462
0.961299
1.34149
1.23233
0.0814617
0.616644
-0.236217
-1.34402
0.200096
0.632535
-0.922795
-0.562346
0.0651454
-0.160494
-0.315616
-0.932789
0.782288
-0.650728
1.70927
-1.8834
-0.754532
-1.44845
-0.749447
-0.071805
0.107713
-0.722395
0.226257
-0.417943
-0.950796
0.246507
0.693552
-0.775336
2.25382
2.34685
0.541758
-1.2782
-0.409964
-0.349195
-0.143522
-0.983809
-0.392728
-0.198194
-0.406814
0.520417
-1.00212
-0.499324
-1.14192
0.288362
0.14294
0.178571
0.563094
-0.224523
-0.97396
2.08876
-0.0133127
0.0183524
0.75627
-2.134
0.20361
1.0079
0.448433
-0.128774
1.19981
1.54262
-0.0486235
-0.468831
-1.74951
-0.708295
-0.231292
0.924029
0.19869
-0.608459
-0.212187
-1.1387
-0.408898
0.448237
-0.173041
0.950719
1.26776
0.274943
-1.59787
-1.25486
1.48816
0.715991
-0.386583
-0.462175
-0.139576
0.911255
-1.1419
-0.929467
1.26333
1.87695
1.578
-0.283491
-0.522935
1.21583
-1.30913
-0.54969
0.0237347
-0.15673
1.21812
-0.258493
1.38512
0.723694
-1.55286
-0.2211
-0.847891
1.01442
0.894917
-0.71688
-0.235782
1.04911
-1.04749
0.450438
0.0061826
-0.227882
-0.158309
-1.64049
0.884272
-0.303383
-1.25591
0.260317
0.103425
-0.11336
0.141255
-1.13995
-0.336577
-0.0986983
-0.516538
1.84916
0.617781
-0.142887
0.361036
1.36804
1.87683
1.27426
2.5081
-1.33253
-0.645108
-1.37331
-0.149816
-0.738214
0.149629
-0.0871181
-1.26069
-0.381022
-0.24726
-0.747186
0.619227
0.621731
0.905776
-0.504741
-0.255931
0.350114
-0.563789
-0.482579
0.174181
0.122543
-0.80237
0.149507
0.141122
1.08445
-0.151942
0.509397
-0.79521
1.42715
-1.01572
1.72739
1.39023
0.633961
-1.73438
0.276991
-0.833387
-0.709453
1.17596
-0.140705
-0.277341
-0.516946
1.38328
-0.679239
0.667252
-0.49722
1.09386
-0.373646
-0.130378
-1.32944
0.0894698
-0.64134
0.227612
0.601057
1.91611
1.7239
0.804162
-0.589486
-0.752775
-0.592925
2.13039
0.71581
0.25445
-1.78964
-0.708665
-0.147841
2.22766
-0.51728
2.18586
0.969633
-1.14671
1.04679
1.00806
0.692176
0.264238
-0.329936
0.719297
-0.442535
0.199829
-0.452013
-0.0132049
-0.42712
-0.9948
-0.911977
-0.821169
-2.42325
1.46061
-0.636437
-0.366778
1.31439
-0.0817069
0.591256
1.11128
-0.332237
0.686415
0.567081
0.165512
0.962595
0.31267
0.229532
0.436406
-0.413417
-1.21477
0.0133866
0.0936189
-1.96421
2.54509
0.171933
0.0991205
0.4429
0.457718
1.33387
0.0893649
0.858803
-1.26426
-0.433147
0.7681
0.379015
-0.16463
-0.773997
0.031048
-0.30257
-0.0739401
0.285944
-0.0441554
2.13919
0.599268
1.28939
-1.36526
1.93607
-1.98574
-0.406893
-0.771562
0.108484
2.23429
-1.36513
1.42444
-0.360009
0.836344
0.971881
0.278891
-0.123959
1.07739
-0.959025
-0.451801
1.60733
0.480722
0.29267
-1.54528
-0.46383
0.346981
-0.269503
-0.782767
0.645281
0.328104
1.09754
-0.812297
1.42142
1.73753
0.733953
0.756091
0.996826
0.899792
1.24474
-0.16511
-0.384463
-1.66454
-0.0886749
-1.4827
0.160711
1.67894
0.525713
-1.05178
0.378617
-0.303636
0.262768
-0.168222
-0.59727
0.0962794
2.00454
-0.76579
-0.459801
-0.246055
1.70544
0.351301
0.132922
1.30026
-0.208098
1.4458
0.237112
0.785887
0.123222
-1.44718
-0.468826
0.241898
0.632699
1.43773
0.292085
-1.11037
2.303
-0.578428
-0.396324
0.582951
1.26717
0.0317739
-0.0236622
-0.92486
-0.70768
-1.343
0.314688
0.478403
-1.25086
-0.372994
1.96624
0.184883
0.614047
1.39961
0.345473
-0.493664
-0.526977
0.257412
1.0985
1.43949
1.48646
0.124005
-0.426605
-1.10325
-0.013251
-0.341607
-1.15968
0.64476
1.022
-0.0751738
-0.198338
-0.326212
-0.0754317
0.143608
-1.29661
1.93863
-0.257548
-0.883836
0.588308
0.315997
-0.192919
-0.814519
0.209809
-0.3476
-0.694391
0.91904
-0.020395
0.288305
-1.46466
-0.480608
-0.499336
0.701524
-0.735013
-0.0451063
-0.136939
-1.51782
0.194084
-1.27596
1.2196
1.02907
-0.828109
-0.750942
0.0940594
-0.791996
0.627981
0.902074
-0.129368
-0.666052
-2.06827
0.368661
1.37432
0.0203257
0.0464292
-0.607321
0.685722
1.03444
-0.731164
-0.214531
-1.23457
0.165324
-0.774392
-0.215448
2.10252
1.1446
-0.631809
-1.1922
0.259338
0.474968
-0.202349
-1.12755
0.726719
1.29054
-0.155822
-0.0307649
-1.5413
0.673155
0.722706
-0.439439
1.2021
-1.84277
-0.939628
0.254281
-0.273592
-0.831287
1.4737
-0.286696
0.274227
-0.96749
-0.489152
1.53807
1.90241
-0.967606
-0.549042
0.573024
0.522143
0.436328
-0.52959
-0.202603
0.555967
-0.347728
0.457211
0.447963
0.71224
0.228472
-0.984506
0.660767
-1.03674
0.828928
1.029
1.30103
0.0538
0.427756
-0.251596
1.8898
0.93527
-2.27658
0.756205
0.935599
-0.599165
0.222809
0.637784
-0.218172
-0.813157
1.34337
-0.31645
-0.488333
1.29119
-0.164827
0.35084
0.997178
-1.51556
-1.36322
-1.3619
-1.5395
-0.346893
-0.919097
0.296074
-0.204019
-0.244618
0.685094
-0.327918
-2.58247
-0.590008
-0.447611
0.414661
-0.512005
1.1153
1.99631
0.431633
-1.16404
-0.609079
-0.108468
-0.3665
-0.0462254
0.890157
-1.03723
0.183165
-0.235284
0.130007
-1.91275
-1.39079
0.0310127
0.163657
-0.123467
-0.446118
1.1252
-0.167946
0.354708
-0.894446
0.561636
1.31754
-0.320787
1.1979
0.80533
0.632703
-0.280268
-0.157766
-0.350542
-0.262222
0.38378
1.81875
0.521749
0.704626
1.45979
-0.78469
0.146739
-1.49372
1.86093
0.70259
-0.338725
0.495118
-1.77289
0.499694
-1.71091
0.257278
0.960066
-1.26433
-1.43131
-2.14408
2.31376
-1.07056
-0.381241
-1.55053
2.78199
-2.3237
0.555611
1.40955
-0.98249
-0.208862
0.161844
-1.48693
-0.198128
0.524843
-0.947276
1.09618
0.208661
-0.292479
0.332538
-0.104549
0.509608
0.899021
-0.113228
0.99197
-0.150665
-0.779088
-1.55431
-0.118918
-2.50988
0.570518
-0.382576
1.49731
0.282903
0.651172
-0.239556
-0.957566
-0.14387
1.96047
1.16059
0.20978
-1.45579
0.410291
1.20846
-1.39426
-2.47615
-0.147667
-0.872496
-0.730593
-0.112419
-2.10092
0.361648
0.945646
0.346869
-0.633455
-0.533715
-0.14694
0.230272
-0.772925
0.927525
0.636884
0.484323
0.830158
-0.239832
0.00646917
-0.780304
-0.386933
-3.68296
1.5107
0.642099
1.30708
1.46571
0.577119
-2.38228
0.447593
2.67262
0.0201854
0.557509
-0.172085
-2.42254
0.615154
0.897341
0.450073
-1.04742
2.13571
-0.134552
-0.157301
0.4674
0.299152
-1.66189
-1.2226
1.02585
-0.394574
-0.0260423
0.316508
0.331808
0.677475
-0.71124
-1.35812
0.513797
-0.609301
0.00182594
0.948614
-1.94356
1.49672
-0.40996
-0.20154
-0.169784
-0.553615
-0.951424
0.687741
-0.500274
0.288589
1.27355
1.43149
-1.23167
0.886662
-0.118211
1.71967
-0.661215
-0.306584
0.274312
-1.31561
1.6056
0.180026
-1.5934
-0.277282
0.0227475
0.298298
0.349154
-0.0617546
-0.103106
-0.0637824
1.5772
-0.309769
-0.607289
-0.636137
0.182322
0.741394
-1.1079
-1.13374
2.13417
-1.57495
-0.279658
-0.28324
0.936971
-0.524718
0.563855
-1.42031
1.70805
0.247702
1.615
0.477871
1.15002
-0.528655
1.54133
-1.27276
-0.148771
-0.887091
0.0252171
-0.00607783
-0.539043
-0.947489
-0.356419
-0.39408
0.0789704
1.37017
0.808245
-0.741778
-0.0528885
2.08169
0.670702
0.69856
-0.0769996
0.418309
-0.309266
-0.320371
-0.754595
1.01969
-0.443052
0.872208
-1.24275
-1.29778
1.22344
0.665733
1.97175
-0.979658
-0.197472
2.2975
-0.929881
0.169886
0.681836
0.390998
0.417747
-0.047596
-0.396342
0.104835
0.158854
0.145372
0.0438847
-0.937532
1.50016
0.426659
1.23043
0.344666
0.321712
-0.457993
-0.113472
0.130511
1.07755
-0.53751
0.58258
-1.04975
-1.65641
0.61744
1.12862
0.624077
-0.0169135
-0.0877776
0.266831
-0.248339
1.04334
0.721356
-0.367738
-0.361745
0.0120022
-1.36862
-2.25203
1.46222
0.163037
-0.855188
-0.254253
0.538702
0.308735
0.730135
-1.32568
-0.415546
-0.7132
1.09084
2.09861
0.182272
0.509919
1.89549
-1.31356
0.439717
-1.4659
0.721488
-0.282667
0.341684
-0.857651
1.73152
-1.99256
-0.0601786
-0.281292
-0.873911
0.781223
0.284023
-0.525079
1.26719
-0.0291158
1.3719
0.698673
1.95736
0.176253
-0.0622169
1.82059
-0.244259
-0.77396
-1.28953
-0.698841
0.876931
0.648743
-0.754637
1.17032
0.476686
1.32438
0.471463
0.0928817
0.412851
-0.988756
-0.527779
-0.655124
-1.19771
0.308832
-0.00245893
0.646081
0.867667
-1.34155
0.727293
-0.233796
1.76838
1.06852
-0.231254
0.88094
0.758806
-2.17539
-1.17215
0.96096
0.655483
-0.400637
-1.95582
1.1717
1.00899
2.91637
0.5276
-0.615455
1.20793
0.63897
-1.80035
-0.23094
-1.39649
0.885385
-0.933584
-0.10976
-0.190628
-0.822642
0.0917338
0.266212
-1.18197
-0.64333
-0.537539
-0.62253
2.01061
0.845264
2.29213
1.3177
0.587254
0.129818
-0.116962
1.47687
-1.49811
-0.317885
1.70203
-0.0741572
-0.170472
1.01408
-0.33263
-0.0272306
0.0324756
0.623771
-0.779543
1.13487
0.861613
-0.0485812
-1.39689
-1.22511
-0.386281
0.862197
0.18576
1.59362
-2.01174
0.0883675
-0.100918
0.495044
2.12298
1.25698
1.24868
-1.64672
0.759894
-0.84146
-0.0365118
-0.186455
-0.497386
-0.477947
0.591876
1.09232
0.197333
1.85187
0.204155
1.42187
0.635777
-0.121901
1.6401
-2.77664
0.367581
-2.92224
0.275094
-2.24515
0.290888
0.142966
0.387727
-1.20018
0.84359
1.23238
-0.851293
0.0626066
0.872857
0.85854
-0.0245131
-0.0308333
-0.399329
0.6843
0.0104439
-0.989241
-1.55156
-0.547516
-2.09535
-0.152448
-0.33887
0.713409
-1.53603
0.943543
1.6472
0.149052
0.123577
1.47512
-0.75275
0.434477
1.54164
-0.882566
0.218907
0.853682
0.665891
-0.350082
0.156886
0.0273179
0.824787
-0.906963
-1.14528
-0.0294876
-0.246756
1.52612
-1.86657
0.333752
0.663355
0.74351
0.175546
0.547843
-0.616485
0.715036
-0.855308
-0.904301
-0.452389
0.375473
-0.476226
-1.06477
-1.46619
0.954277
-0.352157
0.16663
-1.9173
0.230629
-0.350556
-0.110066
0.779969
1.29639
0.645778
-1.12926
0.523189
-0.228685
2.02212
0.453759
0.596201
0.64327
-0.0899874
-1.00864
0.165466
-1.32888
-1.31213
-0.588664
0.657674
-0.714337
-1.06021
-0.932354
-0.454005
-0.287956
0.181861
-0.142528
0.400082
0.427977
0.0105612
-0.683309
-1.92655
1.57325
0.450191
-1.2289
-0.123718
0.407456
-0.756313
0.168368
-0.839252
0.23925
-0.136566
-0.282479
-0.306483
-1.09676
-0.64339
-0.43746
0.0631099
0.150554
1.66328
1.32774
1.02348
0.065228
0.754353
0.245509
0.955022
-0.350812
-0.432413
-1.51298
-1.13513
-1.17394
-0.272071
-0.285701
0.568719
0.328595
0.75183
0.127693
-2.77763
-1.13574
-2.81663
-0.259967
-0.324818
0.56966
-0.634312
-0.425938
0.712627
0.790878
1.14247
1.43727
-0.394419
0.70646
-0.030915
-1.20116
0.0109078
-1.85646
1.47829
-1.14878
0.859058
-0.215598
-0.0730255
-0.185153
-0.0306902
0.346225
-0.429151
1.13569
0.029666
0.374844
0.584083
-0.759238
-0.241019
1.28396
-0.536424
-1.40626
-0.584933
1.24773
1.24013
-0.112848
-1.75287
1.04855
-0.881967
0.142228
-1.33071
0.0523162
-1.53263
0.125987
1.29787
0.743623
0.784087
-1.04927
-2.28388
0.833772
0.0612616
1.17576
-0.277059
-0.982901
0.864311
-0.787533
-1.50067
-0.922765
0.914982
0.216777
-0.475869
-0.890546
-1.19797
-1.08132
-0.850656
-0.176365
0.82006
0.0384046
-0.841484
-0.357622
1.17714
-0.318509
-0.82575
1.36946
1.26043
1.44235
0.0974885
-1.94844
-0.378945
-0.0917344
0.799277
-1.40641
1.73741
0.682637
0.121014
-0.0569451
-0.585334
0.89458
1.17457
-0.315827
-1.4681
-3.17598
1.07777
-0.330487
-1.4204
-0.4993
0.86647
0.588612
-0.517919
-1.47112
1.14718
-0.388824
0.32602
0.109667
0.851202
-1.75501
0.528203
-0.430651
-1.1453
-0.958939
0.214174
0.465299
1.18672
0.51955
-0.160718
-1.53845
0.910492
0.0682686
-1.49198
0.98399
-0.282361
1.03558
0.605215
0.310183
-0.817647
-1.10111
-0.927793
-1.15587
-0.496772
-1.33665
0.270386
-0.0733338
0.647391
1.51077
-0.979171
-0.763678
0.258716
-0.318601
-0.310242
0.764676
-0.473278
-1.74336
0.538309
-1.31229
-1.04528
0.482854
1.53413
1.10361
-0.79889
1.32937
0.0894438
0.707113
-0.047338
2.29353
1.88612
-1.72391
-1.67049
-0.580255
0.967609
0.160792
2.30997
-2.63652
0.340282
-0.336417
0.551565
0.767231
-1.10086
-0.0381626
0.937177
0.00922042
0.601333
1.31037
-0.211204
0.968191
0.242336
1.48862
-0.394351
2.32323
-0.824715
0.146936
1.95562
1.07411
0.91371
0.137091
-0.118809
-0.82719
-0.472191
-1.51506
0.316434
1.93126
-1.80196
0.193311
0.441584
0.249531
-0.517742
0.851742
1.10416
-1.10468
-0.194864
-1.22275
-0.427132
1.2366
0.696782
0.170312
-0.239788
1.36126
-0.099423
0.0162729
-0.558722
-0.75574
-0.941205
-1.13732
-1.61206
-1.40701
0.393124
0.450136
-0.811209
0.304239
1.60401
0.0476629
-0.565438
-0.0130052
0.123416
-1.93195
-0.959486
-1.40403
-0.72715
-1.37192
-1.84243
1.20634
0.498162
1.4776
0.580761
0.853589
-1.13084
-0.128075
0.265939
-0.879657
0.85874
-1.11521
-0.989882
0.283168
-0.0450529
-0.846233
0.403068
-1.73311
0.427902
0.736833
0.167005
-0.850544
0.268093
-0.808543
0.219967
1.71716
-0.696614
-1.55352
0.071735
1.3781
-0.978192
1.39801
-1.01981
-1.00431
-1.29234
0.611743
1.47737
-0.463074
-0.123812
0.577514
-0.922082
0.390602
0.321735
-1.64333
1.02291
-1.67289
-0.00464911
0.42662
-1.39125
-1.9745
0.13915
2.00143
-0.160266
-0.896286
1.12351
0.719598
-0.392122
0.21457
-1.83634
-0.625789
-0.137065
0.207694
-0.323067
-0.582557
-1.56417
0.55065
0.0461899
-0.852643
-1.68349
-0.218486
0.269046
-0.702672
-0.321319
-1.85219
1.61266
0.573939
0.0514526
-0.112979
0.957885
0.240706
0.142431
0.442431
2.09602
0.181843
-0.840921
-1.09022
-0.780126
0.446252
-0.375585
-0.389268
-0.789766
0.517228
-0.101445
-0.101546
0.184812
0.03518
-0.629885
1.63342
-0.554409
0.340932
-0.378809
-0.607698
0.0293547
-0.390739
0.467716
-0.928018
-2.6316
-0.314888
1.37903
-1.7101
1.15169
-0.569957
-0.101413
0.485472
0.106546
0.767602
-0.745236
-0.447997
0.899708
-0.325519
-0.70554
-1.02978
0.181509
0.980972
-0.121966
-0.746533
-0.751242
0.118859
0.0481262
-0.264932
-0.00473273
-0.7075
1.39485
0.239631
-1.17547
-2.38649
0.997002
0.0686076
1.47427
-0.23855
-0.812736
0.38444
-1.42439
1.18645
2.32998
-0.414861
-1.60057
2.03996
0.668908
-0.104345
1.38256
-2.86478
1.0627
-0.472702
-0.698942
1.57014
0.783079
0.805791
1.3121
-0.283016
0.981122
1.59494
-0.79889
0.0489083
1.82252
0.0116014
0.160546
-0.62778
0.446998
0.573219
-0.657879
0.235306
-0.66927
-0.336011
1.88124
-0.585169
0.682704
0.0081445
-0.0165815
-0.69861
1.24308
0.666742
0.0143488
-0.928599
0.900376
-1.09142
-0.0701779
0.481435
1.66754
-1.03226
-0.532735
-1.11226
2.33537
0.00420585
1.70982
-0.251966
1.13134
0.41373
0.840909
1.02561
0.375748
-0.966881
-1.07721
-0.930156
0.804677
-0.269732
-1.88657
0.741374
0.446123
-1.2012
-1.38452
-1.46089
0.279703
-1.81214
-0.159423
-1.50572
0.386942
0.65794
0.867432
-0.00862689
0.0884894
2.39398
-0.0915956
1.06154
-0.66041
0.375566
-1.07148
0.836755
1.54822
0.281427
1.41918
0.971411
-0.46351
1.30851
-0.832273
0.124793
-0.055963
3.43924
0.600202
1.63823
-1.22154
-0.226388
1.01446
-2.66402
-1.56835
-0.470795
1.46538
1.69617
1.07368
1.06367
-1.18836
1.40374
0.437253
-0.0470084
-1.00343
0.295471
-1.2061
-1.46701
-1.26121
-0.203064
1.56999
0.282939
2.38153
-1.73247
0.583864
-0.461203
-0.0406066
-2.45719
-0.149477
0.0998377
-0.515965
0.218489
-0.419244
1.26899
0.435705
1.3478
0.209943
0.377842
-0.265215
-0.442235
-0.721768
0.715347
0.160591
-1.08349
-0.212123
-0.0430597
-0.993614
-0.138378
-0.828618
-0.530689
0.895913
0.124749
-1.57475
-2.35192
0.259567
-1.31472
-2.48552
1.42839
0.608253
0.296036
0.340869
1.33794
-0.551134
0.0326344
0.0423915
-2.13988
-0.840684
1.23157
0.541148
0.967793
-0.937505
-0.931275
-2.69744
0.730436
0.323504
0.235485
1.28935
1.36989
0.169716
1.23977
1.08172
1.3885
1.22475
0.936684
0.783218
-0.447037
-0.618985
-1.44737
0.483869
0.27358
-0.882522
1.25701
-0.207845
0.493055
-1.07346
-1.65434
0.203699
0.298253
1.16023
0.36642
-0.0958202
0.640935
-0.752715
0.0058933
-2.125
-0.4191
-1.3062
-1.51019
-0.406555
-0.481316
-0.819004
0.372771
-0.361733
-0.951974
-0.667034
0.619909
-1.17357
0.440078
0.686775
-0.830386
-1.03849
0.207916
0.846259
1.82078
0.466693
-1.05845
2.03911
0.756115
0.526818
0.330716
-1.0761
-0.152446
-0.999327
-0.0215639
-0.999017
-0.198122
-0.217856
0.536979
-1.26823
0.692715
0.285247
-0.108871
-0.173007
-1.97446
-0.619557
-1.25398
0.232551
0.951743
-0.432154
-1.01064
-0.885518
1.11549
1.02376
-1.43432
1.2861
-0.300098
-0.639515
0.466535
0.0773732
-1.19293
1.3815
0.981853
-0.385397
-1.66679
0.244184
-0.278141
0.00680226
0.505363
0.0131401
1.62052
0.554657
2.01532
-1.0082
-1.17412
-0.365191
-0.195677
-0.648614
1.39322
-0.381849
2.02934
0.426244
0.968023
0.22275
-1.77921
-0.697877
0.628117
-0.870162
0.397767
-0.449796
-0.281898
-0.336478
0.415625
-1.41395
-2.24439
0.578271
0.326663
0.463294
0.112331
0.0263401
0.953901
0.0797629
-2.34705
-0.0517785
0.645726
0.319792
0.372152
-0.944187
-0.860655
-0.3227
-0.546404
0.00771052
0.354371
3.07745
0.445685
-0.470167
0.109988
0.0881477
0.942206
-0.284608
2.09825
0.0183785
-0.197862
-0.469764
-0.645241
-0.11326
-0.745929
0.787302
-0.404159
0.59681
0.0981115
0.525865
-0.115551
0.638205
-0.643231
2.05978
-0.155122
0.0177751
1.50314
-0.420169
1.71203
0.734345
-0.997051
1.05474
0.577295
0.376217
-0.715359
-0.307578
-0.250037
0.941156
1.97191
-0.0655697
-0.424076
0.687526
0.498809
-1.31391
-0.234186
-0.809972
-1.51909
-0.814747
-0.634334
1.08727
-0.693054
1.62257
-0.125738
1.99717
0.059292
-1.51169
1.07838
-0.698978
-0.342488
-0.139846
0.978149
1.97614
-2.09049
-0.357216
-1.24468
0.741888
1.34517
0.65882
-0.27052
0.127948
-0.268605
0.223298
-1.46048
0.85259
-1.45621
1.59919
-0.118066
1.61539
2.9401
-0.0679088
-0.468502
1.59986
1.0486
-0.48583
-2.43884
1.91533
0.931644
-0.38288
1.05208
-0.299888
-1.50484
0.228439
0.084631
1.87855
-0.945007
-0.382184
0.3854
-0.93069
-0.267227
-0.020088
-1.65741
0.564659
-0.82398
0.273573
1.15305
1.08165
0.820859
0.232098
0.103385
-1.29209
0.542801
-0.928331
-0.343853
-0.554347
0.0151653
1.69997
-0.61801
0.544648
-1.79487
1.04375
-0.628722
-0.828391
1.31506
1.16682
-0.0204544
-0.649799
0.257676
0.886809
0.424588
-0.717119
0.394461
0.101671
-0.636514
-1.25338
0.539162
0.391189
0.311057
0.352005
-0.508507
-0.336845
-0.807562
0.984092
-0.921752
-0.281588
-0.0361307
1.69194
-2.54734
-1.76807
0.202944
1.13044
1.50336
-0.0271942
0.364284
-0.741965
0.670085
0.0753939
-1.61013
1.06358
0.554196
1.59338
0.727166
-1.13975
0.166913
-2.18399
-1.45137
-0.56547
0.109315
-1.41129
-0.868488
-1.04592
-1.16315
-2.20327
1.3611
-1.54273
0.651286
-0.546159
0.362745
0.438533
0.773892
-0.305166
-0.395658
-1.16055
0.308927
-0.344537
-1.01052
-0.871303
0.049136
1.37605
0.880002
1.44941
-0.898168
-0.114235
-0.823222
-0.0667743
-0.731099
-0.298862
-1.45513
-0.285644
-0.278475
0.426352
-1.85005
-1.07972
-0.460545
-1.28972
0.642566
1.22937
-1.28016
-0.0150703
0.384454
0.917743
-0.785345
1.7401
0.546842
-1.41262
0.994985
-0.25728
0.384675
-0.215808
1.56366
-0.0548561
-0.714006
-0.658508
0.344303
-1.99366
0.635972
1.02842
-0.275539
-1.4913
-0.290856
0.166035
-0.968109
0.42575
-0.473459
-0.691263
0.556278
-0.0615815
-0.949765
1.34125
0.189502
-0.518089
-0.870638
-0.215189
-0.896949
1.03488
-2.96685
1.02015
-0.293595
0.41609
0.417138
0.228674
-0.0690342
-0.109984
0.774123
0.0208126
-1.63266
0.131788
0.109169
1.01158
0.516965
0.987346
1.79063
2.4931
2.37263
0.195716
-0.43283
-0.66544
-0.275772
0.89707
-0.0200485
-0.0998177
-0.166294
-1.28429
-1.22897
-0.474519
-0.350003
0.872386
-1.62038
-0.440456
0.157166
0.156528
0.193763
-0.941429
-1.14426
0.810106
-0.841026
-1.85472
0.390013
0.580532
2.68666
-1.35355
0.0290261
-0.283073
1.08994
-0.229044
-0.929667
1.46717
-0.0535474
-0.690593
-1.04735
0.473757
0.977038
0.731721
-0.635157
-0.193092
0.0597543
0.0830093
-1.42372
-0.375325
-1.54352
0.554435
-0.873631
-1.24313
1.16677
-0.336465
2.21672
-0.810965
1.40559
0.656554
1.82062
0.288091
-0.772262
-1.92143
-0.0230769
0.958723
-0.624661
-0.914316
-0.531043
-0.254456
0.125482
0.106763
-0.245156
-1.70764
0.574657
0.023597
-0.505449
-0.241495
0.272302
0.594822
-0.340395
0.360841
1.57238
0.684997
-1.37189
-1.10297
0.342451
-0.837123
0.0825078
1.65816
-1.55789
-1.27431
1.95292
1.51204
0.500749
-0.506974
-1.45145
-0.495955
0.840705
-0.555382
-1.66742
0.380663
-0.435127
-0.307683
1.6214
0.519593
-0.880763
-1.00125
0.710561
0.433087
-0.564089
-0.210695
-0.628941
0.0139588
0.164991
-0.0863587
-0.38132
0.801449
2.24583
-1.61614
1.0727
-1.72269
-0.135742
1.18396
-0.417242
-0.71979
-1.08105
1.20631
0.513908
0.738902
0.923066
0.128681
0.322323
-1.2212
-0.0894535
-0.373004
-0.193182
-1.40391
-0.197297
-0.122064
0.783169
1.0806
0.179017
1.55844
0.365644
0.13065
0.995814
0.140978
0.459295
-0.989965
-0.755467
-0.724825
-0.768616
-1.35211
0.480138
0.261783
0.894327
-1.20073
-0.89796
0.794475
1.0766
-1.95653
-0.379248
-0.659983
-0.937459
-0.509575
-0.0684166
0.422779
-0.611236
0.508207
0.582026
-1.18376
-0.626877
-1.24183
-0.0676147
-0.00436519
0.565606
-0.233784
-0.994199
0.448837
-0.507404
0.412402
0.197178
-1.46015
-0.437199
-0.544883
1.03563
0.702075
-2.03579
0.523335
0.170828
0.390875
-0.805522
-0.951925
0.747442
-0.487039
-0.563301
-1.00942
-1.08034
0.997462
0.11647
1.69848
0.770723
0.342182
-0.101571
-0.981985
0.721809
-0.555258
1.62059
-0.990023
0.732247
-0.168483
0.823619
-1.55928
0.647102
1.33158
-0.41858
-0.492548
1.71008
-1.57217
-0.592184
-0.0496278
-0.452383
0.144914
-1.26642
0.534565
0.662749
-0.245759
-1.34018
0.501461
0.593515
-0.193792
-1.02854
-0.747161
-1.88174
0.663834
2.67764
1.28814
-1.81561
-1.31218
1.41249
0.965743
-0.341322
-0.134041
0.455056
1.40244
0.407542
-0.826782
-0.204953
1.13953
-1.18039
-1.30331
0.306596
0.52034
-0.48279
0.46292
-1.12897
-1.23022
0.973072
0.676569
0.486111
-0.519139
-0.301235
-1.21478
1.77379
2.40556
0.844689
-1.19225
1.80635
-0.769829
-0.569228
-1.05845
1.27951
-0.624244
-0.50439
0.793693
0.23097
0.427553
1.79421
0.565267
0.0448584
0.191507
0.319349
0.188018
-0.230387
-0.455348
-0.709168
1.88413
2.34037
-1.91106
-0.132878
0.832491
-0.696347
1.63539
-1.22279
-0.446649
-0.514758
1.7254
-1.10835
-0.580612
0.00971409
-0.725736
0.879062
0.183589
0.99472
0.3012
1.3745
-2.21512
0.299409
-0.0708541
0.952179
0.174128
-1.00047
-0.829252
-0.618969
-1.0575
1.01492
-0.944134
-1.25127
-0.0548398
-0.284522
1.41728
-0.700743
-0.847033
0.068659
0.61901
-0.487848
0.947898
-0.406749
-0.323521
-0.408207
1.0505
0.139617
0.235711
-0.807235
-0.689769
-0.97871
-0.238984
-1.88081
0.727092
0.762908
0.227815
-1.65846
0.643122
-0.220941
1.11247
0.721368
0.868435
-0.100388
-1.50618
-0.849845
-1.13732
0.754585
-0.229397
-0.0294794
-1.36636
-1.38594
1.75678
-0.112704
0.155218
1.25129
-2.53291
-1.95841
-1.20697
-0.429736
-0.673086
-0.304893
-0.130493
-0.913946
1.54533
0.541389
0.0705283
-0.186829
1.20162
-1.26967
-1.9775
0.81824
0.13558
-0.335262
0.812676
-0.531235
-0.697527
0.666395
0.306346
-0.439051
0.56787
-1.72189
-1.27675
0.935929
0.384736
0.505388
-0.0744401
0.241809
-0.94151
0.335784
0.626918
-0.340994
0.373569
0.216153
-1.66125
-1.04487
0.27434
0.573775
0.549398
0.214748
-0.452421
0.359472
-1.15436
-0.307431
0.189387
0.381743
1.11821
1.23299
0.276437
-1.36669
0.145264
-0.198354
0.570023
1.06239
-0.413675
1.4227
-0.931789
0.983879
1.8547
-2.09662
-0.448166
0.598973
0.422986
0.960145
2.26648
1.92172
-0.659489
-0.978967
-0.41749
-1.08658
-0.553162
-1.60028
0.29405
0.367648
-0.924905
-1.70856
0.231454
-0.12736
-1.44099
1.09591
1.13317
-0.954272
-1.41366
-0.230007
-0.902865
-1.4881
0.240184
-1.40886
0.893076
-0.457486
1.1529
-0.691033
-1.20941
-0.930887
-0.0248797
-1.21457
-0.170746
0.98911
2.08817
-0.47746
-1.0562
0.795195
-0.894449
0.338245
0.909277
0.784068
-0.0215731
0.446527
-0.902709
-0.000993886
-1.92088
0.751953
-0.961068
-2.20915
0.0754535
-1.23387
0.787886
-1.39763
1.67452
-0.326169
-1.43854
0.213789
2.09473
-0.742394
-2.159
0.942049
0.525524
-0.212998
0.84459
0.138101
-0.0645712
0.333033
0.823533
-0.282272
0.370161
-0.136256
-0.0260793
0.315255
-1.25925
-0.254045
-0.640807
0.143496
0.175721
1.22436
1.05806
-1.48503
0.974145
0.412308
0.755548
0.377094
-0.848744
0.198821
1.89279
0.461431
-0.0335276
2.4346
-1.17806
-0.304556
-0.774397
1.03696
0.389036
0.577266
-0.251999
-0.0239406
0.469664
0.692368
0.136963
-2.76803
1.88687
0.235483
-0.214601
-0.304826
-0.965825
-0.208762
-0.852741
0.82165
1.28172
-0.00563585
-0.21139
1.29619
0.237856
1.24919
-0.0381228
0.0890405
0.0932996
1.63017
-0.470885
-0.380463
-0.54227
0.0569192
0.119604
0.813268
-1.25849
-0.80626
-1.22351
1.21412
-0.164099
-0.784676
-0.397371
0.157365
-1.53077
0.149509
1.06085
-0.0693272
0.76968
2.03946
0.357373
1.34974
-1.21946
-0.9054
-0.796209
0.0498986
0.967223
0.0836539
-0.0329541
0.103718
0.563184
-0.551598
0.434088
0.336988
0.204122
0.445427
0.969636
1.38353
-0.453643
-1.10339
-1.87761
0.459823
-0.633007
-0.524146
-0.513283
0.126138
1.16384
-1.2534
-1.17784
-0.140922
-0.158041
-0.322714
-0.131272
-0.325975
-1.09706
0.713884
-0.121177
0.532103
0.321531
0.166031
-0.667428
1.42675
0.260988
0.425477
0.391359
-0.180795
-0.558818
0.414993
0.048756
-0.179284
1.23637
-0.880682
-0.136818
-1.8132
-0.250911
-1.10998
-0.611408
1.7694
1.70684
-2.14843
-1.58888
0.990863
1.09208
-0.0213802
-1.44066
0.0085721
-0.73486
0.0199045
0.174474
-1.13166
0.490038
-1.06978
-1.49907
0.663753
-0.993105
-1.22277
0.875672
1.07981
-0.380886
0.875897
-0.503627
-0.554839
1.2065
-0.933688
-0.139781
-0.16063
-0.125736
0.0809682
-0.138486
-0.326089
0.994562
0.721231
-0.43643
0.0194156
-0.914185
-0.596967
0.225006
-2.00942
0.862136
0.357673
-0.230584
0.465544
0.122091
-1.22159
-1.71395
-0.636176
0.611234
0.426244
-0.962734
0.579681
0.390042
1.27724
-1.76207
0.48418
-0.136584
2.74402
2.29366
-0.267297
0.709023
1.37265
-1.18931
-0.304896
-0.118838
0.513577
-0.80691
-0.455665
0.0165506
-0.369005
0.221842
-0.422965
-0.583859
0.0928468
0.256569
0.772978
-0.251113
1.39712
-0.681901
1.81759
2.38347
-0.427913
-0.885806
0.2591
1.08094
-0.240282
-0.561912
-0.90755
1.49521
-2.78622
-0.717717
-0.512729
1.87713
0.237224
0.484778
-0.0829996
1.43726
0.497984
0.978703
-2.11969
2.28654
1.02922
1.89306
0.212849
-0.455918
-0.391482
1.39445
0.0178886
1.02339
-1.67118
0.0765589
-0.963895
-0.134485
0.430453
1.40861
0.495808
0.516989
-0.259932
1.20579
-0.356382
-0.0419449
-0.482775
0.419652
-0.338983
0.867793
1.66962
-0.50317
0.230549
-1.18297
0.687733
-0.547551
0.707993
-1.61799
1.46547
-0.527382
1.74691
-0.176643
1.22102
-1.51219
-0.527703
0.324834
-2.05604
-0.485615
1.7364
-0.0606351
-1.80113
-0.890681
-2.01721
-1.06006
-0.0861686
0.0278288
-0.0303157
-1.17311
-0.722013
-0.319453
0.344965
0.655417
0.321948
0.10379
0.378043
0.846987
-0.341396
-1.7531
-0.837212
-1.56447
0.96547
-1.54985
-0.286461
-0.847084
0.837396
0.317246
-1.25299
-0.446932
-0.923289
-0.683518
-0.152693
-0.752131
0.930387
-1.05803
-1.8237
-0.606472
2.5333
-0.0196552
-0.0655642
1.27618
-1.23163
-0.361987
-0.867021
-0.701738
-2.43176
-0.31952
-0.628745
-0.697389
0.0693219
2.51247
0.939223
-1.20784
-0.379239
-0.525771
0.202399
-0.485807
-0.1664
-0.0847732
1.5143
-0.37655
0.186183
1.68873
-1.52123
0.611293
-1.17428
-0.754137
0.331355
-1.26307
1.44537
0.0799576
0.721456
-0.729902
0.0408348
-0.389502
1.56506
0.54159
-0.319043
0.820076
0.269791
-0.635777
-1.95075
0.213295
0.724602
-1.47345
-0.753959
0.872254
-1.18905
0.54121
0.829758
-0.786835
-0.00243633
0.268825
-0.0824355
0.439618
-1.31232
-0.391051
1.15251
0.654639
-2.02356
1.05518
-0.0587794
0.959873
0.409867
-0.243259
-0.220796
-1.50998
-0.67884
-0.599043
-0.54265
-1.74455
0.602954
-0.382043
-0.0903643
1.04304
-1.11533
-0.354112
0.469272
-0.418438
0.321282
-0.349804
-0.0445435
-1.20849
-0.416955
0.0993415
1.06204
0.477659
0.137384
-0.800345
0.814274
0.778152
-2.48838
0.845319
-0.465318
1.22982
0.167988
1.72285
-0.468678
-1.58474
0.92799
0.741106
1.05813
1.27064
-0.117611
0.543154
1.9497
0.726685
2.20124
-1.47384
-0.272558
0.677956
-0.599346
0.613555
0.550797
-1.90987
-0.306514
-2.36175
-0.693378
0.261824
0.0725532
-2.93858
-0.547853
3.22552
0.722841
1.31703
-1.80652
-0.290302
0.762042
-1.98102
0.133756
0.0168746
1.84228
1.4518
1.47064
1.39642
1.65713
0.48625
-0.878015
0.66492
-0.567923
-0.665509
-0.604306
0.162721
-0.252611
1.2191
-0.793761
-1.76035
-2.26912
0.512626
-1.03529
0.822629
1.67823
-0.354846
0.659892
1.38262
1.15064
-0.684184
0.320797
0.40052
0.651925
-1.55716
-0.424624
1.02783
0.162539
0.927899
0.937364
-1.81376
-0.934864
-0.897525
0.411465
-0.200482
-0.845066
0.415784
1.00144
-1.51135
1.33693
0.837473
-0.0938295
-0.881059
0.204555
0.396819
-0.505323
0.929421
-0.286438
-1.35832
2.23655
0.962766
-0.469016
-0.803043
-1.23699
-1.00227
0.678221
1.17322
-0.00191904
1.88158
-1.20552
0.83186
0.157526
-0.0321658
0.567605
-1.657
1.46317
0.36735
-0.213271
-0.537118
1.0616
1.64131
-0.0663286
-0.972908
0.419345
-0.845543
-1.32104
-0.674991
0.150063
-0.187577
-0.885961
-0.589135
0.402584
0.96521
-1.09166
-1.06861
1.77114
0.809657
0.322957
-0.368621
1.17993
-0.729128
-0.00460488
-0.592722
-0.0839033
-0.937745
-1.06377
1.32396
1.08499
-0.225931
1.61921
1.52796
-0.778555
1.79863
0.196579
-0.294811
-0.61142
0.828308
-1.32615
-0.567632
1.03592
-0.899849
-0.422657
0.125123
-0.918602
0.454743
-0.00979412
1.34235
-1.88026
-0.778916
1.52446
1.46194
-0.363099
2.114
-1.14688
-1.31781
-0.371823
1.59671
-1.05706
2.07047
-1.76859
2.43267
0.232743
0.180978
-1.26729
-1.09404
1.18494
1.66463
-1.21936
-0.527702
-0.193307
-0.688851
-0.474756
-0.496736
-0.0154911
-1.2346
0.46598
0.00473959
0.0312509
-2.20463
0.132481
-1.23131
1.94375
1.80655
3.03169
0.568096
0.581297
-0.271867
0.566644
1.69686
-1.5979
-1.76232
-0.587235
-0.0898978
-2.13029
-1.08846
0.122756
0.12268
-0.912182
1.77542
-1.59262
-0.935398
-0.614869
0.404508
2.13398
0.634261
-2.38736
-0.517445
-0.203718
-0.177601
-0.964258
-0.0315061
1.15849
0.55117
0.590309
0.913532
-0.685712
-0.390332
0.664592
0.506859
-1.33204
-1.18568
-0.0336509
0.629606
0.089894
-0.0301772
0.269225
-2.68347
0.665315
-0.0542452
-1.56655
0.312353
1.57459
0.0940444
-1.14465
-0.932124
0.0757612
-0.523984
0.115817
-1.02926
-1.56245
-1.07702
1.1874
0.9068
-0.953605
-0.418681
0.675114
0.924363
-0.908602
-1.57936
2.36741
0.0904276
-0.0735806
-0.123877
0.93335
-0.0402231
0.234502
-0.926644
-0.751272
0.697202
0.427297
0.0309524
-1.08651
0.571877
0.257113
-0.962179
0.802051
0.454007
0.156385
-2.10836
1.72719
1.60672
-0.328802
0.959645
1.31763
-0.33345
-1.38849
0.614026
-0.656787
1.21908
-1.28349
0.0605305
0.338784
-0.0784695
-0.712747
0.857828
-0.0433323
-0.528261
1.06228
-1.30733
-1.50972
-1.43259
0.617551
-1.28694
0.161218
0.410009
-1.14914
1.20766
-0.168812
1.19015
1.00874
0.0260139
0.984664
-0.411427
-0.0847732
-1.33845
1.18234
0.0728355
-0.43073
-0.0858053
0.674189
0.0851555
0.127218
0.200855
1.26442
-0.306009
1.17603
-1.97528
-0.416365
0.348892
0.984133
-0.91229
-0.463492
0.978025
-1.09184
0.615315
0.403864
0.542222
1.03855
0.764882
1.69036
-0.579453
0.666229
-1.26841
0.0717551
-0.702871
-1.28295
-0.950666
-1.54936
-1.3982
-0.0113039
2.00893
1.2316
-0.145017
0.0788523
-0.533459
0.551988
-0.0858047
0.876905
3.08492
-0.271686
-1.30089
-0.48135
-1.05359
0.152556
0.636396
0.0183212
0.444911
0.503733
-0.692306
-1.05744
2.05449
0.0354475
0.245963
-2.35512
0.159934
-0.872437
-0.0866607
-1.11591
-0.16669
-0.460707
0.387371
-0.149901
0.0459443
1.04838
-0.241833
-0.109254
0.489403
-0.573619
-0.352723
2.6474
0.507796
-2.46445
0.138831
0.0572285
0.912324
1.16266
-0.375957
-0.0027612
0.219135
-1.38083
0.308216
-1.28594
0.554098
-0.54118
-1.33119
-0.215728
-1.09535
-0.0380633
-0.685938
-1.00597
1.47882
-0.858736
0.70129
0.424291
2.35203
1.56469
-0.818308
0.542334
-0.293657
-0.602158
0.379058
-0.906625
0.0906581
1.01791
0.126874
-0.130939
-0.010094
1.25883
1.50909
-0.795641
-0.935328
-0.324378
-0.667005
-1.58563
1.13219
1.52727
-0.725094
-0.850383
-1.11539
-0.75538
0.388574
-0.421078
0.0654834
0.251997
-1.30211
-0.325857
1.44175
-0.195816
0.329889
0.85418
0.47603
-2.95911
-0.600139
-1.13767
-0.229707
0.862961
0.0817324
0.35106
0.051015
2.25898
1.24846
0.511827
1.23738
0.701522
0.519155
0.640706
1.235
-0.174457
-0.0223296
-0.162904
0.172797
0.964399
1.2442
0.522516
1.79384
-0.394384
2.33023
-0.902725
-0.191818
-1.54597
0.503828
-0.0769129
-0.25792
-0.17208
-0.0884427
1.6954
-0.785979
0.696512
0.0347752
0.820057
0.372597
1.81881
0.837121
-2.46008
-1.54539
0.525142
-1.63567
-0.623806
2.22388
-0.703403
-0.826562
1.80017
1.75244
-2.59079
-0.396919
1.03759
0.797176
-0.0343258
-0.675017
-1.47089
-0.962477
1.15827
-0.223369
-1.80115
-0.290253
0.7918
-0.0858462
-1.07012
0.225719
0.0621624
0.304416
0.642432
-0.0898432
0.597219
-0.194318
-1.54433
0.100836
0.843529
-1.2067
-0.323995
1.53176
-0.552425
1.00192
-0.155201
0.0168766
1.74612
-0.885932
0.396734
-1.08039
0.838545
0.904794
0.950764
-0.305099
0.140818
-1.60055
0.864053
-1.50463
0.270422
0.0169329
-1.81519
0.379609
-0.000298322
-0.0284473
-1.30248
-0.155871
-0.389679
1.54869
0.206695
-1.37238
0.414576
0.855365
1.59138
-1.1699
0.63761
0.253245
-0.647937
-0.283993
0.347481
-1.59237
1.23656
1.74634
1.09601
-0.374492
0.619466
-1.09251
0.695543
0.0954246
-1.23028
0.147271
-0.285641
-0.488004
-0.397044
-0.499164
-0.836669
0.8421
-0.303824
-1.37785
-0.520856
0.0482165
-1.52465
-0.517501
0.224142
0.160022
-0.828951
0.997809
0.302519
-0.274115
-0.38214
-0.142339
0.624916
1.29084
0.268151
0.679104
-1.04582
-0.972124
1.10766
-1.53499
-1.20168
-0.182835
-0.666156
2.08018
0.371699
1.61023
1.01066
0.635597
-0.0955095
-0.860956
-1.46696
0.511799
-0.389835
1.38965
1.49284
1.08566
-1.81843
-1.56658
0.188698
0.686803
0.527802
0.504128
-1.98603
0.529705
0.486808
0.566301
0.0219205
-0.400981
0.673059
-1.67071
-0.839321
0.868542
0.225839
-1.57884
0.837025
0.7538
-1.46748
-2.0003
0.0287945
-0.403805
-0.222874
-0.0573993
0.234918
-0.199447
-0.98236
-1.2456
-1.5281
0.355935
2.98096
-0.915781
0.605774
-1.46707
-0.859063
1.52298
0.147285
-1.18401
-1.64949
0.72537
0.00244709
-1.65413
-0.373516
0.439838
-1.3785
-0.614506
-0.0251101
1.36513
0.0434507
0.819544
0.319494
0.280504
-1.41605
1.18939
-0.755162
-0.13311
-1.57318
-1.35396
0.487123
1.1772
0.646749
-0.925097
-0.880657
0.183701
0.198724
0.987626
0.469704
1.83537
-0.164367
-1.18862
-0.103775
-0.918067
0.567281
-1.37926
-0.802108
1.50708
0.46417
0.824919
0.864824
0.123122
-0.101121
-0.630459
-0.769372
0.0194834
-0.439348
-1.65415
0.180566
-1.3887
-0.736006
-0.879692
0.309246
0.125863
-1.57905
-0.89077
-1.52572
0.363002
-0.535897
-0.425534
-0.147275
2.24399
-1.40313
-0.77272
-0.46646
-0.781315
-0.158948
-0.0494855
0.314927
-1.91534
0.468206
-1.5238
0.833978
-0.383562
0.478487
0.988174
-0.513991
0.324527
-0.912971
0.356511
1.06714
-1.21672
1.67249
0.271601
-1.14316
-0.666312
-1.2114
-1.02407
0.459354
1.04262
1.47647
0.701898
-2.5307
-0.299028
0.591657
-0.228724
0.496258
-1.05814
1.54668
0.821009
0.400534
0.555063
0.263334
-0.0371055
-0.372686
-0.117389
-1.02243
-0.938284
0.50957
0.634505
-0.635896
0.785013
0.519682
1.55991
1.66752
-0.0666967
-0.934792
-1.31065
0.355607
-0.427423
0.233354
-0.81674
-1.6874
-0.30924
0.17502
-0.537896
0.447683
-0.765671
-0.261479
2.43864
-0.293792
0.120615
0.80731
-0.930688
0.522795
0.70535
0.804362
2.85075
-0.500632
0.204004
-0.467284
-0.60483
0.0922472
-0.0237826
0.44306
-0.187488
-0.253089
0.559976
1.35562
-0.0117921
-1.55196
-0.101484
-0.399815
-1.17424
-1.30727
-0.745032
-0.326688
0.641884
0.625945
0.396859
-0.213582
0.778865
-1.36566
0.621357
-0.629178
-0.251733
-0.0444034
-0.897279
-0.325544
0.47548
1.31663
-1.98396
0.35855
1.38416
2.059
-0.937378
2.572
0.298802
2.66732
-0.612261
0.397711
-0.312395
0.59936
0.337736
-0.224662
-1.01067
-0.830817
1.57788
0.694798
-0.732216
0.736414
1.34353
-1.14787
0.61138
0.42249
-0.664537
-2.4938
2.33301
-0.131696
-0.069098
0.79828
0.954076
-1.26176
0.739342
0.966999
-1.72673
0.221831
0.288522
-0.277003
0.905899
-2.08839
1.47494
-1.44944
0.605818
-0.380101
1.206
0.616027
0.281523
-6.68053e-05
0.185274
0.650929
-1.41538
-0.49742
0.546272
1.25206
0.506844
-2.30014
-1.6507
-0.355062
1.73082
-0.522924
0.644665
-0.480092
-1.19713
-1.00388
0.0477815
0.21042
-0.84659
1.82475
1.31438
-1.54819
-1.76137
-0.979502
0.748824
-0.277433
1.73307
0.105374
0.315597
-1.15091
-0.403358
-1.97289
-0.248853
1.13128
-0.89226
-0.208485
0.760548
0.114968
1.64414
-0.223134
-0.265232
0.700547
-0.192067
1.38501
0.333508
-0.409726
0.253502
0.210115
0.0895189
0.704692
0.18155
-0.928134
-2.12164
0.515924
-0.380369
-1.4457
-0.147164
-0.273017
0.613971
-0.0557475
-0.501362
0.938646
2.04077
-1.17865
-0.432567
1.78676
0.195422
0.764431
1.53469
-0.475552
0.768498
1.3401
-1.10045
0.979874
-1.45408
-0.894258
0.185917
1.8707
-0.131107
-1.26537
1.07466
0.796475
-1.07219
0.235621
-0.137679
0.922014
-0.880357
0.201983
-0.607611
-0.25347
-1.24537
0.774403
-1.25741
-0.49579
0.264505
2.01003
-0.129326
-0.279077
1.89471
-0.0677606
-0.510308
-1.5702
-0.251843
-0.160505
0.296693
1.79794
0.282348
0.330788
-0.167364
-0.0646756
0.41748
0.281063
-1.398
0.547091
1.14335
1.80638
1.15343
-1.33701
-1.22099
-1.8416
-0.221558
-0.87931
-0.831532
1.29571
-0.392167
-0.18897
-0.596883
-0.679615
0.80241
0.606491
-0.0915382
-0.197694
1.35979
0.949253
-0.249472
0.833268
1.29675
0.0135513
-1.58929
-0.168779
-0.199839
-0.0611991
1.25073
-1.27421
1.4921
0.73806
-1.28802
1.32801
-1.04981
-1.48321
-0.228107
-0.642903
0.826934
0.0565312
-0.275683
-1.46767
-1.65498
0.574073
-0.748079
0.969496
0.685226
0.734085
-0.260702
-0.0442314
0.0711649
1.77337
0.482824
0.784862
-0.809177
1.03443
0.45893
0.62631
1.91307
0.443692
-0.423913
-0.539283
0.825501
-1.51866
0.727754
-0.633735
-1.44661
-0.447651
1.37283
0.957873
-0.319895
-0.0448108
-0.880258
0.681571
0.121492
-1.23577
-0.451268
2.18713
0.306119
0.0232763
0.821498
0.0504367
0.202878
-1.18726
-1.40268
-1.54267
0.557684
0.684876
-1.51104
-0.544843
1.28739
2.2132
1.04385
1.72552
-0.123062
0.0593549
-1.1297
0.0510916
-0.856725
0.213505
-1.97112
1.12504
-0.707136
-0.249969
-1.19544
1.147
0.494581
-0.584842
-1.36745
0.897397
-2.0951
1.20056
1.41997
0.00753687
0.123403
1.03628
0.0646976
0.0554289
-1.14951
0.698124
-0.0598058
-1.08882
-1.18452
-2.1548
-1.20664
-0.616826
-1.25112
-0.630887
0.397019
-0.0878349
0.573627
-0.597043
0.805375
1.91943
0.535253
0.724231
0.0840179
-0.146549
0.368566
-0.766681
0.294679
0.00507593
0.748256
0.359017
1.04841
-1.66122
-1.87502
-0.523723
0.635916
0.700137
-1.1621
0.795992
1.28335
-0.331874
-0.718415
-0.89193
0.727263
0.528856
0.520987
1.16735
1.90693
-0.664993
0.998504
0.962732
0.785777
-0.713714
-0.840113
0.500534
0.0307486
-0.0328444
0.12998
0.524534
0.705619
1.24947
-1.23742
1.4974
0.409333
1.27968
-0.10784
-1.90395
-0.705135
-1.15482
0.362602
0.450976
-0.505512
1.91984
-0.756936
2.33018
0.409377
0.485846
-0.0264281
-1.23621
0.77442
-0.562398
-1.46695
-2.21544
-1.54161
1.30169
-1.25209
-1.0064
-1.90938
-0.0974711
-0.187315
-0.472
1.41959
1.26745
-2.0792
-0.167311
-1.8753
-0.728502
-0.469635
-0.717585
0.243641
-0.481364
-0.20539
1.24024
2.45354
-0.584763
-2.12927
1.74263
0.470044
-1.37725
0.829655
-0.0300191
0.953299
-0.844453
-0.265859
1.50175
-0.734634
-0.315449
-0.33021
-0.960669
1.01845
0.178042
-1.77678
1.4254
-0.255309
0.906437
-0.712576
2.81851
0.965431
-0.567766
-1.76728
-1.1468
0.32449
-0.429289
1.28239
-0.532437
-1.68653
0.744724
-0.364321
0.27765
0.14465
-0.482353
0.499033
0.346939
0.638687
1.0399
0.526495
-2.52955
-0.52036
0.853409
-1.97239
2.71259
2.05393
1.79698
-0.124616
-2.58229
-1.7085
0.308555
-0.897124
0.661033
-0.645094
-0.883126
0.212185
0.0464426
1.422
0.527698
0.797067
0.341804
-0.702464
0.934726
1.4451
-0.95591
0.885638
0.393775
-0.0292331
-0.327932
-0.247706
-0.208116
0.133494
1.24717
-0.683429
0.893941
-1.7015
1.17714
-1.72856
-0.905731
1.51173
-1.50949
-0.677592
0.613156
0.567257
0.393518
-0.800221
-0.577322
0.0941123
0.181875
-0.795504
-0.162336
0.106442
-0.964305
0.498181
1.05017
-0.0416579
0.853749
2.02368
1.64762
0.565825
0.0607827
0.343278
0.556468
1.35699
-2.0957
-0.0773497
-2.09164
-0.822678
0.701488
-0.657693
-0.714606
0.511611
0.320768
-0.793677
3.4862
1.7259
-1.70868
1.2689
-0.944444
1.0598
0.680641
1.88518
0.422834
0.894251
1.89673
2.54585
-0.674301
0.947789
0.73149
1.45649
0.0347843
0.197428
-0.402325
0.191974
-0.572515
-0.951339
1.38056
-0.698178
-1.54415
-1.75037
0.785856
-0.710817
-0.591347
1.39013
1.04055
-0.124865
0.760753
-0.459156
0.621917
-1.27254
-0.810119
-0.353153
-0.112247
-0.483819
-2.0116
-0.307505
-0.569536
2.0874
0.342827
-0.848772
0.649487
0.442029
0.476497
-0.088952
1.0359
-1.0967
-0.272929
-0.597682
-0.393733
-0.191304
0.650673
-0.0537838
2.39921
-0.707296
-0.346639
1.28395
-0.785243
1.39959
1.45577
1.20018
1.08349
-1.87403
0.46884
2.07854
1.21141
-0.623844
-0.779944
0.565425
-0.477401
1.64952
0.835701
0.93634
-1.69655
-1.09261
-1.19141
-0.999831
-1.44786
-0.415523
1.09481
-0.195441
-0.306404
1.29864
0.966282
0.11856
0.149246
-0.482681
-0.42177
0.216296
1.61187
-1.25023
2.76374
1.11632
-0.881811
1.31893
-0.649022
-0.841827
-0.872952
1.18524
-0.337877
-1.33149
-0.646587
0.0671692
-0.189697
-1.42738
1.67367
-0.465823
-0.172592
-0.738648
-0.635012
-0.894444
0.43085
-0.803204
-1.94986
0.911517
-1.02914
0.0745996
1.49721
-0.114834
-0.44478
1.08258
0.431134
2.98099
-0.483611
1.36343
1.14379
0.398563
-0.42802
0.346853
-0.535212
-0.197855
-0.319574
0.895604
1.61052
0.11603
0.460978
-0.803928
-0.764201
-0.189693
0.0123074
0.77044
-0.343188
1.08976
0.660563
-1.03664
0.802828
0.0416991
0.620096
1.3505
-0.769635
0.858606
-1.36862
-0.237471
-0.328854
-0.464026
-1.904
0.253802
0.295088
0.303673
0.281521
0.329517
0.0131713
-0.547399
-0.408068
1.30879
0.100338
-1.56495
-0.197931
1.02226
0.862434
-0.170345
-1.71511
0.0518747
1.59668
0.26927
-0.3214
1.65156
0.951927
-0.253165
-1.25479
1.95159
1.14491
1.24075
-2.11851
-0.547861
-0.803358
-1.56744
-0.747357
1.93878
0.376126
1.42334
1.3534
0.264199
-1.69641
0.714651
0.0992523
-1.1942
1.9203
-0.498041
-0.749153
-1.78256
-0.667663
0.345852
-0.0245084
-0.866141
-0.107637
0.32811
-0.426976
-0.530299
0.744628
0.494492
0.930026
-1.25992
0.830835
1.60292
0.0691615
-0.737783
-0.722499
0.739278
0.272584
1.39126
-0.691723
-0.459229
0.911725
-0.746523
-0.530609
0.280857
-1.04504
-0.896405
0.963
0.145593
1.42934
0.311766
-1.54254
-0.526421
1.18572
-0.128145
-0.233494
-1.38655
0.483821
-2.18664
-0.440689
-0.461656
0.180669
-0.507249
-0.368122
-1.89653
1.00356
-0.47279
2.25967
0.938592
0.0932971
-0.450329
-0.737257
-0.835338
-0.65585
0.588868
-0.686025
0.704116
-0.00400471
0.539512
-0.28638
0.931743
1.23647
-1.32451
-0.570935
0.920123
-0.255849
-0.781726
2.15168
-0.868776
0.478443
-0.87817
-1.90638
-0.820201
0.0136067
-0.125086
0.949235
1.33689
2.38228e-05
0.342668
-0.874395
-0.193463
-0.00473071
1.36034
-0.463577
-0.17844
0.217651
0.478336
0.757615
-1.64257
0.456305
-0.263722
0.977299
-0.619118
0.508289
-0.164985
0.587355
-1.74414
0.960462
-0.284976
0.718342
-1.43411
0.402865
-0.0712046
-0.469406
0.667471
0.140103
-1.08185
-2.64033
0.302103
-1.04362
-2.30672
0.200822
-0.970467
0.812231
0.560156
-1.87709
-0.289809
-1.75998
-1.59307
-0.831621
0.108395
-0.106941
-1.27298
0.817173
0.0596716
1.17727
0.552443
0.0203215
1.38739
-0.102536
0.615659
0.247005
0.631252
1.61723
-0.554166
-1.20693
1.63979
-0.773449
-0.0177606
-0.573315
0.300855
-0.366472
1.18048
0.899758
-1.14702
0.967756
0.437931
-0.217794
-0.296652
0.124781
1.29537
0.802329
0.15898
0.216407
0.163748
0.876194
0.540028
1.57901
1.51912
-0.261538
-0.323424
0.105843
-0.25925
-0.504951
1.09599
-0.501237
0.247164
-0.787011
-0.827846
-0.342959
-0.120907
0.358709
-1.05686
-1.20432
-0.451189
-0.727319
1.70388
-0.134565
-0.0773922
-0.37263
0.768327
-0.376131
1.16715
0.567071
-0.797757
0.919314
-0.569663
-0.50568
-0.149924
-0.590205
0.00829741
0.639381
-0.711229
-1.28569
-0.323677
-1.43077
1.4273
0.849918
-0.553345
-1.65911
1.57968
-0.948238
-0.371037
-1.40989
-0.239379
0.191003
-0.278015
-0.434639
0.257642
-1.55751
0.891403
-0.646301
0.189115
-0.456871
-0.561374
-1.71471
-0.88769
-0.781392
1.35598
0.391506
-0.89683
0.737557
1.7148
-0.351219
-0.53378
-0.396208
0.0815422
-0.877175
0.793575
0.179655
1.29375
0.0840398
-0.296021
-0.810902
-0.423888
1.7669
-0.755271
0.136882
-1.79755
-0.697737
-0.580745
0.594064
-0.135189
-1.53505
0.20638
0.198941
-1.02329
1.38434
0.986096
0.517215
-0.85186
-0.440406
0.987775
-1.61669
-0.143389
-0.0880134
-0.557914
-1.39026
0.432277
-0.231068
-1.4688
0.346993
1.75325
0.663961
-1.03872
1.49387
-0.249819
0.759898
-0.571987
-0.232262
-1.26491
1.47454
-0.206543
-0.994972
0.227941
0.955133
1.92702
0.199736
1.44938
0.785233
-0.308449
0.823028
-0.858686
-1.5225
-2.42015
0.756014
0.236544
1.1302
0.526866
-0.410095
0.105474
-1.21293
0.799153
0.647842
0.707969
-0.486686
0.763066
-0.696466
0.897246
0.0492152
0.572235
-0.595542
0.0438043
-1.17294
-1.36835
1.44793
1.04137
-2.13737
-1.51399
1.74798
0.944336
-0.187023
0.462113
-0.498284
0.183494
0.277777
-0.519771
-2.51443
-1.52296
0.660653
0.371296
-1.60656
-0.445726
-0.298786
0.286432
0.45934
-0.741701
1.43193
-1.04932
-1.23669
-1.04641
-0.119197
0.942964
0.131418
1.99876
-0.89334
-2.38506
1.65934
0.394982
-0.572849
-0.419598
-1.39461
-0.388948
1.36617
0.612783
0.266822
-0.928267
-0.732513
-1.28955
-0.30748
0.200648
-0.57288
1.77777
2.01954
-0.674945
-2.7444
1.35894
1.96113
-0.18539
-1.68742
1.5635
0.121554
0.498407
1.20649
-0.35864
-1.48263
2.85596
0.6346
1.19775
-1.22573
-0.933486
-0.570064
-1.78054
0.0898536
-0.7024
-2.18638
-0.608448
-1.63648
0.342942
-0.306241
0.982411
2.47276
-0.246039
-0.47881
-1.51976
-1.14446
0.0857372
-1.03001
-0.369399
0.897816
-0.106632
0.184631
-1.00449
-0.164919
-0.320406
1.52666
-0.549966
-1.19677
-0.611696
0.11441
-0.45556
-0.80402
0.214684
-0.792497
-0.367578
-1.90866
1.76361
-0.336387
-0.755373
0.690784
0.651272
0.0603529
-0.281844
0.83584
0.0846166
0.0173642
-2.61006
-0.222061
-0.398895
-0.489578
0.141149
-0.281408
0.528881
-0.248905
-0.953713
-1.40702
0.248269
1.83982
2.11635
-0.630845
-0.336332
-0.113376
0.842916
-2.82612
-0.997635
-0.893513
-0.148402
0.85397
-0.481911
0.0295041
-0.251769
-0.0856413
1.53377
1.13697
-0.346648
0.56029
1.82477
2.21901
0.0371418
-0.139336
0.41135
0.903599
-0.0485752
-1.35214
-0.18417
0.122627
0.354015
-0.0899893
-1.57945
0.224847
-1.76082
-0.66404
0.366905
-0.183645
0.36394
-1.01654
1.43015
0.810344
-0.75588
-1.1627
0.310621
-0.148698
0.5291
0.729231
0.746737
0.51309
-0.251048
1.44992
-0.674626
-0.758061
0.554893
-0.957516
-1.89758
-1.13054
1.50837
-1.28901
0.405656
0.263642
-1.13202
2.72437
-0.528365
0.818547
0.420906
-0.566946
-0.923292
0.205501
-0.78605
-1.92621
-1.1948
-0.76488
-1.77732
-0.0232432
1.30764
0.638924
1.39456
-0.692588
-1.0611
-1.46025
0.124886
-0.0826514
0.897839
1.02158
0.627232
0.977725
0.713261
0.248817
0.8248
1.04946
0.347374
-0.997553
-1.4199
-0.36775
0.00296729
0.5489
-1.79998
-0.448521
2.34705
0.141539
2.04371
-0.0897043
-0.809396
-0.357021
0.525853
0.60836
0.472371
-0.528164
0.295196
0.510815
-0.0878667
0.695081
-0.510533
-0.689478
-0.318018
-0.267208
0.943973
1.07422
-0.0137097
-0.471065
-1.50815
1.08633
-0.646929
0.28681
-0.22634
0.152541
0.656641
-0.225706
0.453442
-0.374977
-0.00798847
0.687304
0.429088
1.23843
0.491565
1.40244
0.723218
1.27548
0.813492
1.078
0.430378
-0.0652517
-1.22302
0.0844103
-0.549293
1.11906
0.943487
0.174788
-0.711281
1.16824
1.00685
-0.349745
0.204629
-0.901329
-1.81435
0.0913115
-0.710593
0.493878
-0.97007
0.189772
0.843056
-1.37998
1.06188
-0.107562
0.947921
1.45957
0.14205
-0.477621
-0.426516
-2.11095
-0.357319
-0.137823
-2.52786
0.514583
0.789888
-0.115037
1.85604
1.85932
1.29357
-1.59642
-0.231256
-0.371732
0.404656
-0.66449
0.0536644
-0.770424
-0.589022
0.394844
0.228915
0.463249
-0.349073
1.03509
-1.31449
0.525214
-1.65264
0.586887
-1.24993
-0.987942
0.262829
-1.60576
-0.0825545
-0.877054
1.10739
-0.449621
-0.71829
-1.46044
0.776909
0.610868
-0.388189
-2.90627
-0.780747
-0.294442
0.0793181
0.508747
0.457198
1.13509
-1.62218
2.11066
-0.263664
-0.18377
-1.73578
-0.290178
-0.609515
0.862071
0.392825
0.22074
0.371678
1.41998
-1.45875
-0.325829
-0.779747
0.812653
1.7492
-0.415641
0.691008
-0.246328
-1.70366
0.0151773
-0.111499
0.062555
-1.92615
0.651803
2.23188
0.901431
0.197471
1.02764
1.09664
0.592919
-2.13151
-1.02094
-0.400122
-1.2512
0.524994
1.42389
-1.82908
0.294925
1.49064
-0.450825
-0.0166569
-0.110713
0.209617
1.50246
-1.00521
-1.99935
-0.880531
0.00292351
1.26386
0.275188
-0.691404
-0.846684
0.0696962
2.23205
0.813805
-1.04267
-0.465054
-0.00786782
-0.882469
2.18013
-1.31253
-0.210628
-1.33416
-0.357719
-0.546002
0.876384
-2.36133
1.57894
0.478157
0.603156
-2.13963
-0.477455
0.827368
1.63954
-2.28669
-1.60131
0.149639
-0.664999
1.09331
1.91196
0.760883
0.0730917
0.311854
-0.846778
0.0530983
-0.337757
-0.328541
-0.954071
-0.485958
0.169948
0.737198
1.34554
0.0650677
-0.912969
-1.43316
-0.234122
-0.686362
-0.485633
-0.0328978
-0.327814
-0.923387
-1.56618
-1.04119
1.34011
1.37837
0.708839
0.101215
2.22228
0.0321158
0.944417
0.141198
-1.56598
1.161
0.388467
0.771189
0.220668
-0.828917
0.797749
-1.27964
0.876443
-0.580081
0.321675
0.633657
-1.08007
-0.709023
-0.052068
0.3497
0.386187
0.360339
-0.545239
-0.636083
0.0346136
1.51912
0.728223
-0.850211
-0.285712
-0.584249
0.195358
-0.142228
-0.853172
-1.29589
-0.334628
-0.872213
0.637132
1.3663
1.16533
0.340009
-1.13138
0.445325
-1.1896
-1.1709
0.956007
-1.84025
0.775988
1.08554
1.64588
-1.65976
0.102677
0.290328
0.328928
1.07112
-0.895221
-0.208183
0.291821
-0.612509
-0.329932
-0.000192217
-1.6394
0.441109
-0.0699415
-0.811805
-0.931663
-1.96402
-0.127491
0.271562
0.426547
-2.33559
-0.624787
1.08225
0.431841
1.83385
0.372391
0.784253
0.557152
0.674707
0.582988
-1.73867
-0.850814
1.6243
-0.0674568
-2.27928
-0.0235854
0.162905
-1.13627
0.0434354
-0.588611
1.27632
-0.66723
1.04756
-0.845553
2.01958
0.0318644
0.397489
0.11788
-0.402983
1.39447
-1.58436
2.5933
0.163361
0.494613
-0.144392
0.151051
1.83552
0.736913
1.58445
-0.401578
-1.65775
-0.844769
-1.08201
0.511825
-0.148073
-1.89181
0.674205
0.460998
-2.22636
0.137412
-1.18611
0.689982
-1.62672
-1.30989
-0.692227
-0.963711
0.483313
-0.562146
1.21275
0.20515
-0.532183
-0.215033
0.608304
-0.939695
0.158802
0.422656
-0.438752
-0.377006
-0.872172
0.21492
0.234287
-1.60662
-0.156552
-1.63844
1.46233
0.877955
-0.61026
1.85198
0.13071
2.70985
0.333403
-0.851948
0.928217
1.24192
1.14569
-0.631619
0.141967
1.64962
1.23297
-0.394599
-0.721815
0.0802399
0.101184
-1.2296
0.918408
-0.123923
1.28565
1.91692
-0.698868
0.292582
-0.279075
-1.04039
0.343343
1.1232
-0.630959
0.655809
-0.706525
0.573393
-0.751133
0.182089
-0.599406
0.999739
-0.717137
1.19487
-0.146177
-1.1166
-0.688696
0.0822237
-0.309318
0.895753
-1.19301
-0.953101
0.726405
0.259339
1.23241
-0.304106
0.288898
0.35553
-2.47917
-2.67568
0.959326
-0.475999
0.144801
-0.560781
-0.109979
-0.396236
0.378294
0.538781
1.59032
-0.56066
0.132017
0.0234609
0.869186
0.756544
-1.43109
0.647742
0.346048
-2.38466
1.86878
0.869014
-1.20703
0.0189181
-0.870678
-0.990355
-0.0728586
2.40592
0.465691
1.41828
0.785149
-0.283386
0.607535
0.571202
-0.50018
0.681679
0.869615
0.70786
0.392452
0.637653
-0.960518
1.01995
-1.24603
0.628241
0.0536382
-0.309097
0.00290309
-1.92829
-0.377578
0.341787
-0.437741
1.56678
-0.213857
1.77991
1.42287
-0.697364
0.978677
0.152325
-0.109905
2.2453
-0.0447669
0.933754
-0.710605
-0.176327
-0.638083
0.236068
0.98464
1.67913
1.08232
-0.674958
-1.17144
0.192728
-1.35161
-1.65116
-0.500431
0.167187
0.180115
0.127951
0.358044
1.25495
2.58005
-1.00826
1.72988
1.39878
-0.382488
-1.22786
1.81295
-1.39995
1.70669
1.47979
-0.29387
2.0219
1.63967
-2.00712
1.19261
-0.744315
0.321907
-0.272243
-0.766546
1.26149
0.578611
-0.772948
-0.800703
-0.533942
0.459343
1.6271
0.700101
0.857021
3.69594
-1.04142
1.32784
-0.860699
-2.84533
0.173849
-1.51321
-0.766032
0.415291
1.20572
-0.809143
0.615281
-1.85128
-0.292791
-1.67524
-0.43852
0.280123
0.414549
0.41729
-1.53472
0.955014
-0.822171
0.286811
-0.702127
1.65959
0.0990529
-1.99193
-1.76158
0.912138
-0.0572801
-0.950122
-1.40323
0.644561
1.97884
0.414364
0.717457
0.696965
1.6567
-0.068779
-0.365502
1.07143
-1.0695
-1.08948
-0.72078
0.734512
-0.350698
-1.23716
0.561839
-1.46853
-1.11016
0.582855
0.444165
-1.6477
0.715236
0.534047
1.82652
1.61427
-0.128953
-0.82851
0.740736
-1.18536
-0.0909948
0.846944
-0.263649
-0.521856
0.249139
-1.14472
-0.229349
-0.948822
1.09868
-0.82054
-1.2185
-0.823083
0.852255
-0.35206
0.287499
-0.386113
0.818607
-0.909698
1.11256
1.17066
1.59096
-0.216269
-0.231646
-0.357449
1.39071
-0.811442
-0.874099
0.443222
0.664347
0.36
0.723361
-0.0323662
-1.05133
0.404543
3.13006
0.757197
0.323104
0.893882
0.21187
0.289269
0.00657782
0.214055
-1.19691
-0.999972
0.615094
0.818198
1.6259
-0.786984
0.744458
0.505986
0.259048
-0.420313
-1.08781
-1.43845
0.0528283
-0.00647849
2.34017
0.449857
0.157773
0.413378
-0.768776
0.320986
-0.270192
1.80758
-0.518131
1.99652
1.30109
1.32799
-0.79095
-0.644358
0.51097
-1.94507
-0.99002
1.55189
0.418477
-0.124147
1.64009
0.70041
-2.63274
1.46828
-0.822755
-0.613922
1.07504
0.100462
0.117071
0.570058
-1.68539
-0.57998
1.12625
0.264418
1.03282
1.70393
-0.510641
-0.20571
-1.28139
0.307414
0.155278
1.87502
1.79864
0.426632
1.07266
-0.564646
0.372051
-0.938977
-0.0185553
1.24498
2.05055
-1.01175
0.21609
0.990796
0.0621862
0.894085
-0.00142363
-0.372011
1.7543
1.13951
0.0665255
-0.510621
0.826221
-0.904821
0.754863
-0.41973
-0.932635
-0.0353827
1.32854
1.6136
-0.00241693
0.488209
-1.52072
0.502867
-0.205166
-0.753912
-0.826109
1.75501
0.356885
-0.293851
0.847259
1.25549
-1.04684
0.712976
-0.48139
0.0223234
-0.382918
0.565623
-0.218915
-0.93785
-1.4123
0.668837
0.487671
0.738196
0.438099
0.464303
1.6714
-0.341663
-0.16754
0.554064
-1.79858
0.100003
-0.911099
-0.0362641
0.0263228
0.522462
-1.27519
0.967877
-0.884609
0.630961
1.64553
-0.201899
-2.3391
1.80556
-0.834013
-0.236576
1.16315
-0.981182
0.311273
0.243533
-2.83335
-1.76238
-0.796994
-1.18819
0.289702
-0.0265598
0.091026
1.32787
0.611161
-0.503128
0.860311
0.804813
-1.284
0.0763576
-0.847889
-1.18502
-2.16454
-0.429676
0.495015
-0.176796
-1.54744
1.50497
-0.188084
1.04733
0.158043
0.757437
0.407977
-1.71816
-1.2104
-0.0947825
0.0660718
-0.0781446
-0.373446
-0.66351
-0.754686
-0.905774
0.481874
-0.462384
-1.43271
0.291687
-0.0984154
-1.36784
0.181985
0.76161
-2.08778
1.85322
1.55964
-0.440102
-0.0424007
-0.0423481
-1.94426
-0.700612
0.476578
0.971109
0.127787
-1.17556
0.909886
0.782842
-1.74618
-0.110323
-0.609414
-0.0927245
1.7237
-0.133201
-0.32115
0.0232496
-0.947089
-0.42906
-1.58142
-0.943506
0.0476389
-0.137761
-0.972988
-1.56037
-1.4149
0.158846
0.0466253
-1.15533
-0.480291
0.739012
-0.763489
-1.25479
-0.84543
-0.363316
-0.172425
-0.386252
2.68426
0.376956
0.180084
-0.424972
2.4778
1.99587
-0.0584481
-0.755686
-0.378014
2.26124
0.972941
-0.641535
-1.07096
-0.567214
-0.421265
0.340844
-2.42919
0.164984
-0.68626
-0.139758
-1.05852
1.20408
0.196832
0.618345
2.38721
-1.08572
-0.247332
-0.168598
-0.820145
1.00961
0.246749
1.55395
-1.22851
0.330406
0.767018
0.26536
0.509766
0.193335
-1.42201
-1.17259
0.971531
-0.097779
-0.47836
-1.92725
-0.373791
-0.396217
0.228351
-1.09095
0.00460461
-0.343498
-1.40278
1.35506
-0.178567
-0.251399
-0.888488
-0.358745
0.86477
-0.761026
-1.64754
-2.02376
0.422049
0.430518
-1.38179
0.00155026
0.489874
-0.517935
0.00187004
0.855871
0.812154
0.653934
0.204306
-0.304923
1.23921
-1.28174
1.92842
1.08574
1.5123
-0.18042
0.194815
1.67766
0.926663
1.05044
0.216455
-0.835223
-0.303734
-0.80944
0.254654
0.6235
2.24988
-0.0154186
1.10514
2.08666
0.589399
-0.498108
1.16972
-0.685562
-1.67205
-0.516509
-0.172978
1.63384
-0.0788542
0.548333
1.27668
1.15933
0.141265
-1.61118
-1.24059
-0.494366
2.35633
2.00517
-1.15778
3.55336
0.785191
0.245178
-0.0687006
0.829442
0.110618
-0.352985
-0.817379
1.22493
0.416659
0.686201
-1.56229
0.433828
-1.66197
-0.796181
-0.290201
-0.185311
-0.197959
0.115724
1.4553
0.780762
-0.318708
0.848634
0.801337
-1.00654
-0.601497
0.785911
-1.29803
-0.649979
1.10363
0.357765
0.0741264
-0.636073
1.15264
-1.48313
0.28719
-0.139023
-0.105924
-0.473422
0.901662
0.031499
-1.28269
0.596219
-1.3987
-0.261784
0.897334
0.832742
-1.21446
-0.500711
2.39147
-0.874885
0.64898
0.240409
0.762555
-1.33563
-0.250405
0.770611
-0.215026
0.09472
-0.17048
0.555418
0.234207
0.250308
1.572
-0.916906
-0.796586
-0.359832
-0.340482
-0.86315
0.674448
-0.869667
1.35664
0.670512
-1.16458
-0.134302
2.48051
1.12022
1.23106
1.11027
-0.217145
1.4989
-0.378771
0.63805
1.71604
-0.173066
-1.23387
-0.320302
0.208796
-0.836722
-0.136626
0.494765
-0.114536
-2.02741
1.40618
-0.192984
-0.629107
0.743046
-0.877718
-0.0481866
1.4371
0.14894
0.750969
-0.753101
1.33864
1.12922
-0.46954
0.666313
-0.925864
0.962821
-0.197449
-1.39568
-1.07692
0.710093
-0.370574
0.0870388
-0.485192
0.763185
-1.38775
-0.631
1.33945
-0.67422
0.73824
0.97267
-1.17845
-0.446527
0.754955
-1.70896
-0.471475
0.573046
-0.117889
1.76248
-0.655355
-0.0399056
-0.0297626
-1.13419
0.307532
-1.17409
0.0529767
0.0624756
1.01166
-0.702192
-0.606972
0.451254
-0.398746
2.31072
1.52503
-1.86741
-0.420458
0.9331
0.0122522
-1.09951
0.0663219
0.523831
0.90673
0.328306
-0.736732
-1.25914
1.94692
1.44925
-0.886831
0.537114
0.287419
-0.301015
1.3026
0.487077
-0.715376
0.600062
0.606283
0.733842
0.720975
0.968371
-2.00548
-0.611749
-0.703586
-0.816978
0.957056
0.381899
1.00386
-0.856044
0.704796
0.254622
1.22428
0.370028
-1.20537
-0.921093
1.706
-1.45323
0.00735851
-0.952018
-1.27208
-0.654969
0.992549
-1.05805
0.76237
-0.387673
0.652468
-0.568552
1.09898
-0.959717
-2.08946
1.59484
-1.60512
-0.336212
-0.0402949
0.199329
-1.46333
-0.14806
0.895676
-1.06049
2.53998
-1.1256
-1.1564
-0.674412
0.812303
-0.274491
0.459599
1.05746
-1.03853
1.11107
2.32629
1.09919
-1.7065
1.1715
-0.0853977
-1.11266
-2.55751
0.587823
0.760924
1.2937
-1.40247
-0.948213
-0.651061
-2.5024
-0.0899574
-0.788617
-0.000400848
0.386677
0.696276
-0.608908
0.918655
1.17882
-0.160092
0.251748
-1.54437
-0.684518
-0.566379
0.0402624
-0.197557
2.98246
0.980576
-1.73159
-0.4352
0.136415
-0.185194
-0.234138
0.78031
0.484308
0.998595
0.237359
0.33384
1.5179
-0.0650645
1.75908
-0.460684
0.286375
-0.228712
1.56299
0.707359
0.483831
-1.69866
-0.26504
-0.569687
-1.63271
-1.10333
0.762291
0.879627
1.39234
-0.00383947
-0.0701492
1.33757
-2.24569
-0.233539
-1.77456
-0.509872
-0.560785
1.59571
-1.41746
-1.70202
-0.758949
0.187846
2.41055
1.64685
1.24143
0.472975
-1.63314
0.71699
-0.116472
1.08762
-0.728986
1.37372
-0.536429
1.51215
-0.425767
-0.0611476
2.06422
-1.71286
1.30082
1.92509
-0.260147
-0.755976
-1.24022
-0.416389
1.43922
-1.12483
0.436425
-0.0558947
1.00952
-0.642873
1.73509
0.838985
-1.16658
1.04793
0.324169
-1.34002
0.543328
-0.89453
0.980249
-0.566547
-0.321298
-1.13676
-0.483786
-0.990659
1.52162
0.958685
0.682704
-0.241622
1.6227
1.72159
-0.898548
0.709751
1.69885
-0.879925
-0.379484
1.68507
-0.248137
1.10673
0.49143
-1.70449
-0.355491
1.1039
-0.135448
1.00242
-0.851013
0.671643
2.01324
0.481135
-1.10566
0.395355
0.155649
-0.108
-0.511478
-0.0135936
0.503287
-0.75412
0.435727
-0.418775
0.807752
-0.929602
0.560685
-0.598843
-0.209053
-0.0210389
-1.76949
0.569399
-0.898232
-0.0865922
0.604369
-0.059929
1.10702
0.13867
-0.40322
-0.340255
-0.601163
0.279681
-1.62135
-0.782049
-0.344808
1.02423
0.433901
0.650858
0.0761256
0.378003
-0.137725
-0.203802
0.0280756
-0.0160312
0.508876
-0.147334
-1.29208
0.505454
-0.448025
0.708503
-0.588289
1.91271
1.34124
0.0964147
0.944741
-2.63516
0.044559
-0.108612
-0.9784
1.88413
-0.0795889
1.07314
-0.885383
-0.272135
-2.08994
-1.46978
-0.578101
-0.517874
-2.26249
0.147037
-0.360259
-0.318254
-2.32121
-1.19322
0.173034
-0.327442
-1.17433
0.28567
0.746827
0.176133
-0.273409
-0.43726
-1.82529
-1.05797
0.607665
0.624694
-0.652181
-0.465006
-0.379057
0.472094
0.0429222
0.343314
-0.264031
-0.412208
-0.346713
0.827492
-0.137064
-0.164882
0.251382
0.599653
1.3078
0.748578
0.131179
-0.478101
0.0337667
-0.751347
1.28705
-0.0998666
-0.0132676
-1.7214
0.194403
0.748105
0.0556871
0.250669
0.679815
1.43623
-0.0719821
0.653165
1.17723
-0.629876
0.0823814
1.12381
-0.37024
-0.809954
-0.387023
0.592879
-0.65998
-1.42335
-1.59193
-0.395125
0.0716235
0.469756
-0.132718
-0.421631
2.27047
0.906416
-0.258673
0.986756
2.59753
-0.273572
0.0696943
-0.615399
-0.816038
0.203158
-0.420027
0.130514
-0.674979
-1.86949
-2.44861
-0.962857
-0.770159
1.23717
1.47761
-0.292011
-0.987586
0.113852
-0.190656
-0.330311
1.02096
1.5126
0.945287
0.267456
0.810196
0.730649
-0.00713333
-1.37135
0.498614
0.485005
0.153188
-0.0616824
-0.194095
-0.0212072
0.541359
-0.315153
0.293442
2.02994
-1.70988
-1.70372
-0.0557804
-0.374691
-0.965668
0.172043
0.0408988
-0.849922
-0.964896
-0.541959
0.893909
-2.57229
-1.09562
1.6115
0.497764
0.370669
-0.22765
-1.01075
0.174455
0.183883
0.499052
1.23893
-0.183724
0.125461
-0.828454
-0.0949869
-1.87945
-0.958513
1.42664
0.631645
-1.1564
0.374062
0.11801
-1.15633
1.34923
-0.448328
-0.310693
0.165536
0.118132
-1.56872
-0.09674
1.26745
-0.892541
-1.36753
-0.986502
-0.966128
-0.313879
0.489397
0.305487
2.13743
0.641111
0.576486
-0.180159
-0.615812
-0.170746
-0.416836
0.186998
-0.3863
-0.734434
0.605842
-0.910398
-0.256981
0.844692
-0.758195
-1.79719
0.677762
0.455211
1.67302
-0.269842
-1.47622
-0.124121
0.142788
0.642403
-0.795435
0.0572295
-0.341797
-1.1362
-0.367018
0.872
0.0942567
-0.597686
0.84016
0.951135
-0.188086
-1.01279
-0.266024
-0.381488
0.736584
-0.176783
0.267471
-0.477169
-0.228587
2.49748
-0.859122
-0.771269
0.652827
0.116858
0.70695
-0.8579
0.416111
-0.440057
0.0687349
-2.67517
0.464799
-0.427361
-2.23695
1.03933
-0.563192
1.26393
-0.184435
-0.103776
0.614141
1.29254
-1.09605
1.2995
-0.949948
1.99254
0.646179
-2.42863
-2.04754
-0.0473734
0.536142
1.25492
1.10341
0.0220225
-0.392469
0.156973
0.333923
0.497195
0.168537
0.734846
-0.621841
2.30804
1.77361
0.428276
1.00323
0.16393
-1.90088
1.20238
0.220673
0.066483
-0.97975
0.297658
1.77374
-1.04882
0.477706
1.00115
0.938576
0.381104
-0.511911
0.522216
-0.564554
0.942999
-0.0345885
0.24452
-0.292243
0.0886382
0.340745
-0.370012
0.275547
2.95324
0.261808
-0.37924
0.955982
0.971709
-0.074162
0.71467
-2.07288
-1.62531
0.727799
0.415535
0.518302
0.480301
0.266784
1.4905
0.539647
1.07168
0.644478
-1.55173
2.03121
-1.47547
1.5247
-1.08591
-0.249669
-1.55046
-0.0752065
0.671921
-0.618807
-1.01385
1.76234
-1.3581
-0.396916
-1.55179
-0.98642
0.225789
-1.1364
-0.569475
0.684055
-0.293393
0.756711
0.318026
-0.351362
0.64305
-2.42573
1.29099
-1.3037
2.50335
-1.33583
-0.479463
0.0158498
1.59156
-1.08593
-0.270872
