0.726249
0.915339
0.594324
0.515358
0.975149
0.661561
0.528652
0.788493
0.0741007
0.32985
0.583744
0.0309722
0.928593
0.0197524
0.779372
0.336045
0.342526
0.41482
0.907313
0.65148
0.57063
0.00782814
0.286952
0.729566
0.7024
0.452956
0.223708
0.872067
0.71745
0.885457
0.336358
0.671428
0.605524
0.0666561
0.768242
0.826867
0.144854
0.00238443
0.493874
0.0970056
0.692356
0.625061
0.754976
0.461797
0.777466
0.751587
0.976268
0.17796
0.449552
0.835422
0.576174
0.399789
0.791795
0.49201
0.542455
0.739295
0.125137
0.128952
0.765725
0.442397
0.208265
0.887774
0.339419
0.838125
0.924272
0.798028
0.316842
0.499603
0.135156
0.454274
0.546674
0.881657
0.725993
0.346433
0.954439
0.597731
0.180123
0.349867
0.760963
0.513926
0.852648
0.359704
0.764392
0.203856
0.460112
0.219918
0.395438
0.14039
0.734808
0.585342
0.841075
0.767294
0.989629
0.913984
0.923147
0.875353
0.790475
0.88978
0.353935
0.367211
0.0734021
0.818776
0.678054
0.674759
0.67885
0.306172
0.537438
0.300074
0.794452
0.831393
0.545504
0.0856484
0.208469
0.156636
0.300054
0.295086
0.252274
0.340818
0.363171
0.572462
0.841552
0.772041
0.224489
0.340442
0.981805
0.310718
0.35352
0.224379
0.702385
0.86693
0.452182
0.466563
0.571962
0.368473
0.00390902
0.101862
0.221207
0.863434
0.979195
0.549671
0.345281
0.972242
0.678656
0.190315
0.245163
0.395945
0.724099
0.735038
0.656941
0.762619
0.339652
0.997286
0.881195
0.542901
0.0434438
0.651578
0.317664
0.76642
0.148454
0.143163
0.989382
0.361034
0.485631
0.959358
0.0356379
0.124209
0.495433
0.331864
0.827934
0.706547
0.474119
0.350581
0.692455
0.535889
0.166822
0.457167
0.774679
0.333589
0.657516
0.915527
0.201043
0.460902
0.413939
0.136749
0.982021
0.0526424
0.61119
0.635035
0.262696
0.567611
0.323679
0.531045
0.277726
0.380504
0.883664
0.163053
0.317244
0.100754
0.778838
0.357435
0.284281
0.464322
0.303656
0.069018
0.304979
0.31196
0.469034
0.423497
0.530797
0.711075
0.884326
0.53793
0.280678
0.810725
0.803286
0.99151
0.300268
0.687547
0.908256
0.591946
0.636171
0.0568558
0.960777
0.0254988
0.0166835
0.541727
0.753865
0.0415687
0.943951
0.901685
0.263361
0.426136
0.941217
0.33977
0.933555
0.947846
0.365537
0.681162
0.455665
0.333059
0.0828231
0.137551
0.906656
0.503878
0.667564
0.317509
0.494294
0.673333
0.244307
0.765109
0.142732
0.0186648
0.606095
0.853095
0.115524
0.207433
0.153599
0.702002
0.641075
0.587687
0.265076
0.291123
0.0114753
0.592447
0.761252
0.658384
0.240169
0.616644
0.541926
0.58261
0.274885
0.465053
0.477585
0.878762
0.729802
0.373331
0.511572
0.373704
0.049821
0.870417
0.164706
0.567958
0.118898
0.0487583
0.733737
0.827556
0.420685
0.991723
0.910171
0.513557
0.125525
0.746602
0.744906
0.379641
0.961799
0.0543783
0.0841092
0.683364
0.159986
0.515114
0.700079
0.0105081
0.555442
0.0853567
0.106937
0.946605
0.00857456
0.996582
0.838439
0.218599
0.0516428
0.304952
0.417829
0.303819
0.683727
0.274139
0.6069
0.209243
0.659544
0.234302
0.160907
0.173142
0.492174
0.872594
0.212799
0.205763
0.198763
0.666351
0.587105
0.434027
0.245814
0.656588
0.238187
0.819378
0.414575
0.168706
0.0545137
0.0357631
0.914504
0.687184
0.19339
0.929909
0.733865
0.30464
0.0805746
0.311364
0.221428
0.57593
0.403953
0.51232
0.352395
0.549375
0.45441
0.387286
0.00570059
0.799809
0.882328
0.243186
0.927462
0.182246
0.967189
0.136699
0.730029
0.886222
0.131038
0.149104
0.527811
0.61423
0.61713
0.829222
0.657183
0.493279
0.395894
0.0294364
0.946423
0.872016
0.176922
0.479344
0.147637
0.649539
0.750141
0.897434
0.30134
0.17568
0.55662
0.495656
0.0164341
0.865294
0.396303
0.475537
0.751696
0.245033
0.817745
0.0843413
0.987337
0.981377
0.481313
0.871784
0.572385
0.456005
0.845882
0.285084
0.502098
0.619057
0.955102
0.134709
0.373412
0.839799
0.523076
0.997599
0.743055
0.776148
0.759511
0.563471
0.306876
0.693738
0.2352
0.592807
0.528389
0.386875
0.475128
0.900171
0.386319
0.806618
0.755504
0.417304
0.357621
0.704612
0.887405
0.694925
0.730571
0.248308
0.197253
0.60042
0.286963
0.277881
0.748597
0.109177
0.826095
0.428936
0.140604
0.836945
0.7298
0.243029
0.15615
0.22159
0.749384
0.259718
0.342169
0.200651
0.213305
0.571735
0.502717
0.151692
0.248306
0.989918
0.00968077
0.25602
0.919156
0.858681
0.997455
0.732271
0.129825
0.987108
0.50798
0.483548
0.420279
0.152527
0.937356
0.268275
0.602992
0.0648771
0.284485
0.330054
0.42463
0.724441
0.677482
0.673412
0.0800907
0.709476
0.853998
0.0420604
0.546559
0.49551
0.697958
0.193858
0.633488
0.966391
0.0934781
0.70314
0.331291
0.372356
0.64387
0.181537
0.484459
0.613068
0.700267
0.630735
0.773896
0.378048
0.111232
0.817799
0.267827
0.677187
0.313189
0.0951303
0.185918
0.640527
0.331275
0.818479
0.98685
0.441407
0.239832
0.873184
0.340354
0.703335
0.857094
0.258496
0.0150422
0.576362
0.226938
0.134576
0.665962
0.8984
0.795164
0.81029
0.742421
0.877058
0.969727
0.170171
0.192029
0.333104
0.501615
0.67535
0.00988398
0.835322
0.112068
0.359032
0.963374
0.193624
0.58033
0.58666
0.0836232
0.778228
0.277661
0.237262
0.496422
0.409692
0.0750114
0.434819
0.245883
0.364277
0.883276
0.959327
0.11344
0.657333
0.707885
0.809939
0.710009
0.186573
0.0419945
0.258718
0.379725
0.965814
0.898728
0.753999
0.982413
0.773412
0.593681
0.968124
0.729572
0.35308
0.663576
0.634863
0.989917
0.0306584
0.893673
0.554485
0.125739
0.10629
0.482281
0.81374
0.956923
0.455178
0.575766
0.418253
0.957944
0.968601
0.518485
0.64932
0.664406
0.314679
0.959297
0.355975
0.134596
0.146584
0.946125
0.00935952
0.111199
0.130487
0.462744
0.962689
0.647998
0.335329
0.109712
0.0652449
0.675213
0.274613
0.295113
0.132862
0.949392
0.076974
0.613616
0.116718
0.551326
0.947281
0.144297
0.844201
0.363908
0.17335
0.864769
0.771632
0.289962
0.466087
0.214565
0.342813
0.639145
0.189042
0.269979
0.313704
0.105266
0.908509
0.430349
0.369547
0.0632861
0.323642
0.598794
0.190106
0.964722
0.813484
0.133003
0.862278
0.0205258
0.0787499
0.607875
0.0546341
0.240745
0.0525858
0.0874106
0.59525
0.440457
0.875746
0.200934
0.654057
0.357929
0.977876
0.0783424
0.697676
0.483711
0.836934
0.664353
0.821105
0.883378
0.154529
0.649304
0.892937
0.656705
0.422004
0.518778
0.63017
0.983428
0.594214
0.459475
0.323244
0.585534
0.572048
0.861609
0.506127
0.595471
0.891297
0.659915
0.316095
0.384419
0.412892
0.301271
0.0578572
0.692494
0.82011
0.336553
0.533847
0.707297
0.479599
0.908687
0.163571
0.453458
0.161771
0.25258
0.0907072
0.445197
0.0436781
0.181154
0.389661
0.779508
0.26069
0.952053
0.850859
0.464133
0.0671824
0.819495
0.250144
0.34929
0.492726
0.611284
0.386438
0.984321
0.0780018
0.25807
0.00286818
0.472239
0.177935
0.0263063
0.882204
0.222119
0.401516
0.71277
0.0131888
0.293196
0.102542
0.888445
0.952604
0.0995825
0.389681
0.645551
0.740057
0.174034
0.461417
0.804433
0.0725675
0.762761
0.243194
0.427272
0.420335
0.213477
0.247575
0.611765
0.785453
0.143175
0.0032386
0.70927
0.485232
0.292275
0.186417
0.986335
0.299594
0.467547
0.644384
0.501487
0.273526
0.909097
0.399219
0.264631
0.116782
0.920589
0.0559281
0.994473
0.586523
0.876472
0.538448
0.600776
0.64351
0.0994726
0.401558
0.262911
0.682964
0.617109
0.200903
0.0303367
0.0627439
0.587445
0.830411
0.392471
0.368475
0.621965
0.867512
0.939046
0.0967717
0.69941
0.983944
0.767862
0.912867
0.46609
0.834802
0.66322
0.929387
0.873209
0.773992
0.892467
0.0153273
0.698772
0.225768
0.263235
0.661912
0.159123
0.659692
0.238805
0.770198
0.766488
0.830957
0.721241
0.606169
0.324165
0.132845
0.119956
0.0716872
0.538232
0.330888
0.425633
0.528171
0.397452
0.0110951
0.381346
0.907332
0.966515
0.417547
0.373201
0.386254
0.82379
0.758296
0.0141121
0.891476
0.609367
0.266617
0.249297
0.7679
0.756039
0.917497
0.374873
0.797281
0.0763734
0.645137
0.832549
0.443425
0.426555
0.189105
0.0463748
0.49982
0.935754
0.904201
0.0074559
0.0684966
0.890933
0.418622
0.183201
0.438442
0.893531
0.736314
0.353282
0.559099
0.542027
0.204971
0.309255
0.410065
0.759622
0.922396
0.611386
0.130562
0.830725
0.587709
0.299157
0.289148
0.461793
0.531151
0.0365875
0.367015
0.387436
0.333211
0.276362
0.163379
0.110243
0.896702
0.0929904
0.302703
0.437268
0.345671
0.11837
0.568554
0.859237
0.316027
0.376655
0.305234
0.435336
0.563735
0.197516
0.392811
0.242952
0.786841
0.598068
0.301629
0.970037
0.647461
0.387883
0.552614
0.291541
0.169182
0.272359
0.0303097
0.439456
0.843691
0.395052
0.0332627
0.232588
0.587934
0.937233
0.288135
0.963915
0.0948534
0.0340429
0.388314
0.998066
0.584976
0.713177
0.189524
0.677439
0.08289
0.946728
0.470328
0.217194
0.903629
0.999226
0.174295
0.19446
0.397432
0.75669
0.0514356
0.5727
0.591673
0.168895
0.979836
0.337215
0.479491
0.295001
0.982541
0.670331
0.728371
0.767586
0.633484
0.190283
0.81052
0.384844
0.925017
0.560746
0.147732
0.762667
0.362764
0.684491
0.535141
0.319112
0.312245
0.785276
0.578779
0.50557
0.21681
0.187998
0.528012
0.595632
0.696635
0.218553
0.730971
0.921696
0.568729
0.601573
0.126342
0.493105
0.679009
0.751872
0.147156
0.371097
0.931145
0.842417
0.73757
0.859552
0.300665
0.851938
0.552883
0.91227
0.747071
0.309508
0.285624
0.135845
0.975149
0.673255
0.704336
0.155987
0.114305
0.47031
0.790965
0.341304
0.00966876
0.22838
0.975645
0.310068
0.760179
0.738956
0.237697
0.985368
0.100565
0.64913
0.608426
0.14829
0.591974
0.334163
0.738996
0.342791
0.179469
0.170812
0.867834
0.773613
0.278555
0.261913
0.865097
0.274824
0.0338348
0.978214
0.0266408
0.820417
0.464501
0.739815
0.445312
0.468555
0.283598
0.920567
0.388966
0.795641
0.556105
0.171876
0.406302
0.538292
0.293693
0.285246
0.527185
0.700466
0.684089
0.960498
0.930405
0.354743
0.815608
0.349313
0.419164
0.82281
0.322345
0.638235
0.716867
0.511129
0.557751
0.192536
0.269708
0.7729
0.0293442
0.978786
0.0695825
0.183345
0.382967
0.842025
0.127771
0.110812
0.647225
0.211183
0.836672
0.143422
0.224615
0.0132802
0.831749
0.612022
0.880375
0.374608
0.472004
0.473642
0.224048
0.219056
0.196547
0.173414
0.524964
0.29826
0.526703
0.249469
0.669846
0.568513
0.882252
0.842714
0.479973
0.816558
0.865111
0.0501544
0.560956
0.646865
0.448316
0.688862
0.675172
0.359716
0.0311488
0.171441
0.0565484
0.00520089
0.430326
0.197887
0.108749
0.470254
0.877401
0.44135
0.239884
0.176806
0.51113
0.153183
0.579685
0.520235
0.0416963
0.884914
0.275742
0.982528
0.470468
0.668515
0.258977
0.456272
0.47842
0.171766
0.35482
0.55877
0.328161
0.636873
0.0166123
0.510826
0.068651
0.157563
0.637497
0.0259564
0.246225
0.231142
0.93083
0.944727
0.311173
0.731037
0.0934366
0.964709
0.770857
0.35712
0.585954
0.131198
0.267887
0.0949923
0.805595
0.800688
0.692048
0.676641
0.735159
0.690876
0.334307
0.519929
0.643082
0.0666727
0.323615
0.262456
0.59507
0.850893
0.561947
0.887857
0.872666
0.311368
0.701621
0.473483
0.386087
0.667514
0.939666
0.435097
0.342422
0.360713
0.0334052
0.352475
0.202896
0.36857
0.416266
0.865667
0.348205
0.198593
0.5082
0.487336
0.272981
0.173068
0.776346
0.559562
0.498153
0.614156
0.095539
0.872551
0.109337
0.0897647
0.708432
0.512282
0.356904
0.339637
0.510046
0.388191
0.115658
0.742448
0.313974
0.63337
0.849694
0.509686
0.496108
0.782759
0.80917
0.544735
0.456325
0.429551
0.844305
0.383996
0.219945
0.840206
0.115817
0.32124
0.658377
0.558768
0.0135776
0.0843231
0.223499
0.355953
0.815756
0.535695
0.922436
0.721739
0.987065
0.220966
0.168108
0.275819
0.585783
0.0471006
0.269946
0.435366
0.475411
0.240036
0.347397
0.70468
0.0230599
0.861327
0.0856532
0.247492
0.28892
0.16176
0.842803
0.23549
0.962622
0.477012
0.404384
0.877602
0.431698
0.626081
0.571988
0.31468
0.743853
0.445721
0.131726
0.516462
0.775115
0.847348
0.452298
0.419097
0.141456
0.265408
0.619168
0.880333
0.201481
0.523755
0.536555
0.841987
0.906999
0.155017
0.589282
0.165752
0.265169
0.03477
0.35173
0.643104
0.0688066
0.615207
0.760774
0.257461
0.37689
0.0826287
0.410416
0.0217945
0.197241
0.0239845
0.667353
0.245
0.90849
0.93725
0.422265
0.224271
0.858834
0.214073
0.245748
0.572894
0.88176
0.0136412
0.393145
0.79423
0.965281
0.827362
0.217679
0.818919
0.00474183
0.641917
0.148676
0.111766
0.773843
0.232873
0.368057
0.167692
0.249183
0.732933
0.0138344
0.798294
0.204301
0.892818
0.437457
0.754691
0.463427
0.76347
0.208041
0.998392
0.47157
0.569204
0.869619
0.5546
0.156179
0.498816
0.960803
0.400565
0.495083
0.702099
0.591146
0.800762
0.143523
0.555927
0.100911
0.791355
0.685399
0.0746911
0.627592
0.676542
0.0182734
0.564668
0.520309
0.08627
0.358596
0.436146
0.0654046
0.0616558
0.295982
0.746032
0.798591
0.234391
0.304467
0.580273
0.0849947
0.0599543
0.740157
0.830809
0.891411
0.604852
0.553474
0.0517606
0.42183
0.190844
0.35462
0.42371
0.160221
0.720664
0.639108
0.416248
0.634359
0.431077
0.827171
0.812343
0.224672
0.365491
0.567442
0.463664
0.774545
0.0979988
0.784333
0.114067
0.143726
0.498999
0.317418
0.803201
0.986703
0.61696
0.645348
0.88513
0.989781
0.130983
0.302228
0.959925
0.615875
0.198169
0.691947
0.961491
0.288771
0.452563
0.811006
0.307517
0.877232
0.569157
0.940166
0.501888
0.395831
0.351454
0.645148
0.524914
0.582858
0.119488
0.565614
0.63428
0.672343
0.543647
0.584031
0.95134
0.296105
0.122474
0.151539
0.0941148
0.320285
0.8291
0.0972896
0.352924
0.47572
0.791216
0.608702
0.0711702
0.945681
0.485066
0.325483
0.476284
0.855445
0.914955
0.821328
0.851065
0.611354
0.982778
0.892902
0.149624
0.922212
0.152552
0.395395
0.25145
0.821984
0.0161384
0.660563
0.965976
0.889127
0.0605714
0.583908
0.762214
0.306435
0.569727
0.824068
0.0103769
0.128919
0.256687
0.929394
0.161184
0.972146
0.393694
0.509451
0.324107
0.0551425
0.883166
0.121639
0.448551
0.941905
0.763023
0.177723
0.33722
0.168706
0.323381
0.666077
0.299642
0.538588
0.80473
0.611424
0.769657
0.548038
0.365811
0.8409
0.375904
0.54446
0.41473
0.76515
0.473431
0.0994405
0.0464617
0.55371
0.706775
0.162131
0.059993
0.792811
0.440369
0.616552
0.826509
0.359321
0.239699
0.385069
0.75583
0.0774674
0.0583789
0.727982
0.0239969
0.321717
0.349538
0.916989
0.967006
0.230252
0.483979
0.952754
0.264881
0.19695
0.0989478
0.0330356
0.466186
0.974897
0.878446
0.22522
0.812925
0.244302
0.00388997
0.671475
0.384729
0.322456
0.716455
0.0255186
0.190521
0.114956
0.147644
0.0655929
0.119024
0.387293
0.63342
0.657933
0.95061
0.415231
0.272341
0.530475
0.959957
0.882822
0.335696
0.771223
0.798753
0.499098
0.0820592
0.898754
0.483736
0.347088
0.406505
0.489074
0.270959
0.728828
0.941157
0.559939
0.39027
0.367773
0.469056
0.658233
0.943255
0.780039
0.935085
0.434556
0.779502
0.687988
0.489902
0.167057
0.0242672
0.137657
0.471347
0.20442
0.286409
0.712186
0.94534
0.140612
0.882753
0.357959
0.44463
0.336906
0.635421
0.905325
0.88684
0.798851
0.920152
0.325505
0.855503
0.897439
0.431631
0.144675
0.573308
0.0369095
0.0843571
0.160883
0.962576
0.904252
0.528108
0.352503
0.581833
0.798856
0.827578
0.947008
0.362383
0.765105
0.274329
0.928762
0.508379
0.377027
0.418304
0.518445
0.628817
0.584074
0.0794317
0.149026
0.945898
0.0313503
0.340926
0.637893
0.265915
0.741177
0.916962
0.989638
0.189178
0.329566
0.55971
0.857586
0.0155164
0.0141446
0.931445
0.653745
0.61823
0.661505
0.594681
0.839314
0.977582
0.123808
0.85852
0.568822
0.736054
0.365117
0.156572
0.951522
0.075802
0.392796
0.511803
0.773831
0.763746
0.94564
0.793542
0.319943
0.554733
0.820544
0.813849
0.0812019
0.524649
0.859988
0.471202
0.0957974
0.0778813
0.0283339
0.364028
0.337223
0.0481705
0.144068
0.626454
0.415654
0.18256
0.804489
0.933217
0.752465
0.649144
0.415731
0.0311699
0.835194
0.152837
0.758682
0.43399
0.367867
0.481706
0.672195
0.440624
0.157678
0.259398
0.00813712
0.469096
0.56392
0.225303
0.620343
0.0911841
0.754087
0.877312
0.994068
0.847283
0.298936
0.284939
0.186421
0.407282
0.0556921
0.216301
0.248361
0.407702
0.878511
0.362465
0.0568523
0.0514343
0.410347
0.575281
0.273954
0.322022
0.207028
0.940832
0.486788
0.240533
0.100494
0.821262
0.577772
0.189491
0.47859
0.200331
0.242258
0.355115
0.0255213
0.238215
0.357265
0.96642
0.21744
0.530158
0.66831
0.874025
0.931705
0.810548
0.904238
0.741893
0.96189
0.147247
0.0407245
0.882818
0.952455
0.192444
0.0764197
0.762808
0.637278
0.947409
0.229934
0.534853
0.35918
0.284605
0.497904
0.884332
0.609244
0.687157
0.430105
0.110693
0.110065
0.523639
0.245401
0.980212
0.304698
0.831253
0.794269
0.284012
0.157694
0.530827
0.315461
0.938601
0.0919062
0.664379
0.893066
0.418591
0.815767
0.403558
0.0728824
0.632681
0.479802
0.0756677
0.405106
0.532679
0.368097
0.0119996
0.373997
0.778191
0.772288
0.590634
0.0750458
0.875875
0.580296
0.157236
0.978517
0.895701
0.842732
0.18215
0.994944
0.742844
0.539484
0.0155463
0.210189
0.592721
0.0890639
0.024189
0.304025
0.707071
0.36175
0.854091
0.744335
0.855574
0.0464549
0.104912
0.846143
0.288021
0.798205
0.159358
0.477818
0.506158
0.781643
0.920595
0.434293
0.833988
0.724882
0.992809
0.188829
0.60172
0.85381
0.800193
0.760809
0.409564
0.566588
0.037028
0.0383131
0.0969996
0.692207
0.853912
0.604673
0.891414
0.782028
0.842737
0.0788238
0.436079
0.942168
0.954374
0.743139
0.995764
0.556781
0.990101
0.638291
0.0172497
0.932219
0.0473166
0.141482
0.0637695
0.224341
0.732465
0.272536
0.235416
0.241334
0.929799
0.0702093
0.38651
0.240696
0.80409
0.872776
0.874314
0.225082
0.906887
0.7426
0.251545
0.165841
0.941572
0.968416
0.428677
0.168559
0.937807
0.632346
0.807247
0.473585
0.429194
0.287569
0.723792
0.19421
0.040839
0.773667
0.922106
0.402052
0.799962
0.804208
0.1925
0.213613
0.676713
0.536205
0.625409
0.0753256
0.35978
0.472957
0.589194
0.920711
0.670894
0.0867775
0.977279
0.512444
0.735305
0.580962
0.752305
0.705621
0.21493
0.393885
0.508957
0.868806
0.222369
0.836268
0.121059
0.227704
0.0491986
0.524427
0.0573766
0.299017
0.410549
0.447707
0.750914
0.7109
0.752718
0.00225184
0.40885
0.23928
0.702123
0.845337
0.49718
0.633461
0.00442669
0.393345
0.709253
0.881873
0.366855
0.499599
0.585611
0.544493
0.508216
0.847781
0.926561
0.508276
0.715614
0.860562
0.845896
0.666649
0.667968
0.902925
0.938641
0.620744
0.695032
0.00163769
0.449615
0.246133
0.3525
0.867473
0.576628
0.906952
0.108288
0.602678
0.424198
0.236337
0.560429
0.980718
0.00828933
0.923382
0.0943084
0.227385
0.15733
0.268045
0.40821
0.0399103
0.264684
0.828595
0.25835
0.866043
0.607357
0.15859
0.210203
0.919846
0.77723
0.391876
0.145403
0.596113
0.201952
0.514766
0.150876
0.942557
0.554785
0.938459
0.369866
0.562858
0.0420591
0.636182
0.159704
0.526774
0.710098
0.129919
0.247369
0.63461
0.0144786
0.152815
0.312664
0.666213
0.866962
0.251937
0.341469
0.834437
0.177155
0.71659
0.334259
0.561157
0.0079985
0.317102
0.862615
0.788518
0.528927
0.54276
0.291219
0.742252
0.488621
0.288048
0.838932
0.899034
0.14405
0.719253
0.435133
0.0119727
0.736938
0.45703
0.00906466
0.561879
0.639894
0.274394
0.595305
0.929758
0.395813
0.518385
0.159383
0.000685856
0.63103
0.734831
0.302642
0.238974
0.932784
0.529592
0.93714
0.31448
0.902901
0.678801
0.244941
0.874517
0.540454
0.410938
0.833345
0.335937
0.967458
0.603218
0.309264
0.0469381
0.474196
0.726993
0.294606
0.85437
0.856016
0.719715
0.739841
0.411608
0.885336
0.420108
0.48093
0.195612
0.257491
0.79364
0.773219
0.0700539
0.0213615
0.340022
0.101301
0.414293
0.402255
0.348673
0.0119639
0.333365
0.876206
0.376533
0.87762
0.411583
0.320418
0.439481
0.115313
0.724259
0.783687
0.3849
0.728065
0.105325
0.329862
0.166778
0.761212
0.943996
0.97731
0.372194
0.685407
0.552972
0.248868
0.159026
0.50542
0.968758
0.905272
0.555314
0.0550585
0.268601
0.903524
0.845999
0.593872
0.707064
0.689945
0.482154
0.774527
0.593833
0.394156
0.108969
0.4282
0.406437
0.689986
0.874108
0.277861
0.841753
0.397565
0.556405
0.0250657
0.490941
0.996517
0.927628
0.796745
0.611919
0.453633
0.818418
0.0603321
0.668393
0.543341
0.402839
0.764749
0.747709
0.335121
0.398809
0.995977
0.623102
0.738749
0.974355
0.290796
0.954593
0.756664
0.73659
0.300382
0.125693
0.253121
0.22666
0.411372
0.180889
0.750962
0.566527
0.164398
0.643995
0.352431
0.539065
0.325935
0.46513
0.605331
0.606081
0.0958794
0.319779
0.207075
0.632505
0.988334
0.717653
0.00326212
0.537117
0.243182
0.355058
0.670273
0.362057
0.0778134
0.315433
0.72121
0.375432
0.0350953
0.963298
0.688738
0.802306
0.0833841
0.557183
0.111105
0.597464
0.0712011
0.0499132
0.630992
0.184406
0.867208
0.987629
0.896579
0.702999
0.372194
0.191376
0.632049
0.220817
0.583161
0.912475
0.652954
0.182966
0.0260739
0.61857
0.0756924
0.553301
0.769937
0.0625603
0.927213
0.0936892
0.928444
0.953554
0.687315
0.717879
0.880408
0.367627
0.281705
0.758994
0.930339
0.553829
0.571991
0.778887
0.194778
0.938552
0.655945
0.736752
0.581192
0.49243
0.596899
0.507852
0.505718
0.354768
0.713624
0.998738
0.310876
0.551652
0.00809173
0.827546
0.334095
0.182265
0.881211
0.529738
0.157219
0.634027
0.941888
0.505756
0.0597428
0.721945
0.968345
0.96461
0.260673
0.10159
0.2666
0.0975989
0.447546
0.544501
0.54174
0.130017
0.961133
0.338358
0.387579
0.441984
0.513757
0.285696
0.695784
0.272895
0.156745
0.784617
0.988309
0.884399
0.455864
0.188016
0.705267
0.866704
0.950982
0.0983125
0.949558
0.482093
0.312859
0.538229
0.876128
0.802315
0.878796
0.885782
0.232962
0.013859
0.514837
0.886201
0.435568
0.808675
0.197315
0.549183
0.620204
0.869926
0.143088
0.428692
0.0182319
0.0202448
0.456733
0.203615
0.440442
0.588842
0.256199
0.0617186
0.525106
0.796946
0.160522
0.971184
0.51767
0.797724
0.178634
0.130092
0.89606
0.248076
0.681231
0.813603
0.924208
0.364144
0.270949
0.807131
0.435925
0.301105
0.399857
0.137355
0.378242
0.842401
0.485921
0.912609
0.3509
0.574519
0.886668
0.634683
0.455641
0.875873
0.154457
0.70698
0.79037
0.576538
0.988538
0.56496
0.00723149
0.0750049
0.878663
0.943808
0.895115
0.70041
0.087049
0.946459
0.302767
0.0117828
0.669897
0.16671
0.0312078
0.578417
0.91314
0.135053
0.974294
0.46379
0.344687
0.784648
0.993838
0.79123
0.0229832
0.183017
0.0495317
0.670883
0.54328
0.467639
0.153719
0.880165
0.851584
0.478143
0.160069
0.349842
0.451607
0.866385
0.0258419
0.0726307
0.268901
0.733552
0.541249
0.0545418
0.630747
0.0396377
0.974765
0.760847
0.912097
0.0139646
0.686744
0.157618
0.286683
0.896847
0.469813
0.102713
0.221144
0.653119
0.242248
0.809171
0.730518
0.596014
0.0591646
0.904846
0.117969
0.603316
0.194742
0.362486
0.543444
0.0669296
0.898817
0.0856086
0.369473
0.593979
0.774049
0.258225
0.194579
0.914323
0.0733736
0.249072
0.932076
0.620174
0.503816
0.633228
0.382063
0.68649
0.438961
0.680134
0.0822433
0.698972
0.422743
0.477569
0.705469
0.943567
0.754381
0.712921
0.901668
0.46844
0.227424
0.895523
0.705731
0.587089
0.572422
0.0244235
0.32446
0.403093
0.19591
0.863339
0.712789
0.406572
0.824965
0.882597
0.195808
0.895308
0.695009
0.411561
0.914672
0.0369461
0.614879
0.73855
0.356
0.99452
0.788632
0.94123
0.570164
0.159886
0.56303
0.160027
0.624311
0.969369
0.221608
0.0591367
0.875644
0.597043
0.148637
0.62009
0.759032
0.0829896
0.521132
0.968176
0.893435
0.119642
0.371788
0.47877
0.94007
0.603583
0.370638
0.857927
0.441461
0.448338
0.894292
0.807855
0.908173
0.722684
0.399963
0.219647
0.62865
0.883892
0.127367
0.925367
0.354264
0.196261
0.999011
0.495779
0.297092
0.902554
0.146719
0.909019
0.0937907
0.513486
0.503288
0.661632
0.904282
0.798413
0.813404
0.900805
0.812249
0.577699
0.577147
0.530174
0.0119237
0.897858
0.980023
0.21673
0.971299
0.613071
0.326841
0.843817
0.236121
0.932503
0.689578
0.874136
0.16769
0.517674
0.994658
0.817824
0.246649
0.780913
0.77528
0.307925
0.368524
0.382671
0.963068
0.864725
0.295864
0.0553591
0.0460758
0.237797
0.794893
0.503186
0.638027
0.531424
0.760161
0.491266
0.995368
0.145481
0.944148
0.309704
0.824469
0.139225
0.39631
0.0757802
0.0279849
0.547114
0.75348
0.243343
0.101726
0.798549
0.646067
0.81544
0.990971
0.784796
0.363497
0.53759
0.0829405
0.376677
0.948272
0.488529
0.748713
0.300721
0.971537
0.70927
0.0713178
0.770755
0.498301
0.0579571
0.521411
0.548359
0.424277
0.483421
0.352094
0.435511
0.975395
0.410186
0.471752
0.310188
0.586946
0.115472
0.776042
0.943451
0.382697
0.544986
0.152282
0.397524
0.879092
0.770323
0.019105
0.799494
0.0286048
0.460388
0.389032
0.120094
0.589672
0.573896
0.698236
0.694124
0.490182
0.783405
0.761978
0.951527
0.110757
0.413093
0.714336
0.0894793
0.713175
0.759468
0.533615
0.254664
0.506092
0.680814
0.535937
0.0827293
0.870902
0.8527
0.180667
0.978365
0.525702
0.29326
0.351861
0.168408
0.602799
0.816858
0.477848
0.223688
0.999969
0.232967
0.179158
0.940953
0.981964
0.912546
0.70397
0.939493
0.196046
0.072763
0.61557
0.477061
0.566527
0.0402532
0.966365
0.038663
0.888498
0.13836
0.74878
0.838473
0.494077
0.992229
0.828599
0.804277
0.189206
0.721554
0.556773
0.00404851
0.748108
0.396389
0.628263
0.404641
0.61891
0.483725
0.648676
0.768586
0.242313
0.764396
0.0539099
0.0679562
0.131124
0.551154
0.211386
0.330594
0.409242
0.653606
0.436626
0.0271419
0.96424
0.19398
0.464953
0.275548
0.882963
0.844343
0.455848
0.84558
0.660573
0.633257
0.382298
0.330839
0.907479
0.357303
0.279369
0.853633
0.334631
0.0247827
0.675831
0.974204
0.0328741
0.948604
0.69922
0.673779
0.197558
0.0569832
0.898226
0.917106
0.391019
0.21984
0.592241
0.74781
0.650168
0.395537
0.675493
0.667801
0.552385
0.647223
0.670652
0.740382
0.302916
0.855981
0.548548
0.84874
0.579935
0.0724653
0.0223098
0.937512
0.257999
0.0646823
0.430756
0.668979
0.47341
0.0133309
0.474322
0.042904
0.858211
0.866469
0.893165
0.901326
0.106922
0.635676
0.231191
0.218431
0.593806
0.039033
0.298282
0.478588
0.0824128
0.95652
0.470537
0.568101
0.325389
0.671862
0.828018
0.0894153
0.95425
0.245065
0.486409
0.438095
0.712062
0.703579
0.613182
0.796028
0.258999
0.940788
0.0935318
0.821828
0.721112
0.0236042
0.189397
0.456882
0.973894
0.541585
0.742088
0.559808
0.578192
0.878884
0.642778
0.378731
0.700783
0.97961
0.917045
0.610999
0.534598
0.280709
0.431184
0.96123
0.74747
0.0230652
0.0195232
0.157071
0.777294
0.510982
0.984841
0.904927
0.265554
0.311782
0.625406
0.00795243
0.574301
0.540512
0.731209
0.0830874
0.00896494
0.0123032
0.652666
0.480296
0.855287
0.671838
0.84799
0.460196
0.770161
0.0830061
0.918585
0.447259
0.133059
0.821555
0.360179
0.22409
0.450561
0.292133
0.768336
0.382477
0.109679
0.622322
0.544638
0.32432
0.41975
0.322148
0.625275
0.483111
0.188234
0.695097
0.653581
0.976617
0.759848
0.396547
0.518494
0.0682304
0.035359
0.656994
0.96532
0.6446
0.546613
0.265512
0.20891
0.144278
0.0911776
0.0710469
0.837512
0.863482
0.0911787
0.926829
0.835473
0.345442
0.726992
0.466665
0.388647
0.568968
0.228014
0.878265
0.632274
0.983049
0.796241
0.984558
0.436933
0.726511
0.169301
0.578638
0.0340814
0.00220733
0.472236
0.801842
0.877556
0.326142
0.669307
0.520919
0.0669522
0.0596783
0.212191
0.53514
0.755559
0.451939
0.011149
0.107183
0.682551
0.35981
0.68377
0.674791
0.98286
0.665955
0.257976
0.298399
0.786009
0.206705
0.0682141
0.16552
0.931892
0.828914
0.707008
0.59338
0.0412752
0.883987
0.342122
0.579559
0.231638
0.691623
0.704048
0.882026
0.0389096
0.418574
0.0502789
0.896205
0.904819
0.72926
0.170927
0.0843436
0.830558
0.788246
0.89193
0.507058
0.0661913
0.565292
0.227448
0.156506
0.720689
0.335524
0.87639
0.035348
0.288911
0.865795
0.438715
0.629076
0.00664644
0.0980852
0.405323
0.0418353
0.110228
0.138269
0.574519
0.895373
0.795262
0.77595
0.658991
0.398679
0.882964
0.479743
0.0777246
0.17895
0.0548121
0.0694635
0.238763
0.944325
0.220205
0.421011
0.232481
0.223934
0.146027
0.862124
0.554261
0.0169242
0.713099
0.294183
0.619371
0.770208
0.400367
0.404134
0.827706
0.908964
0.255359
0.602149
0.4015
0.764925
0.255253
0.107156
0.26965
0.0192082
0.391085
0.0329839
0.884723
0.846997
0.0882751
0.249353
0.292704
0.620426
0.0274575
0.367819
0.787211
0.814151
0.562878
0.253985
0.458017
0.117308
0.957043
0.860046
0.732898
0.672144
0.95402
0.262512
0.898839
0.734493
0.905791
0.902496
0.643672
0.847803
0.150275
0.623283
0.258951
0.697484
0.160308
0.590701
0.213807
0.331373
0.919375
0.611294
0.00161286
0.867465
0.517117
0.747211
0.020254
0.669952
0.112236
0.626382
0.228339
0.254281
0.489032
0.0239094
0.714768
0.439561
0.841134
0.919004
0.794389
0.26595
0.255244
0.0416302
0.547049
0.386972
0.586767
0.479421
0.065659
0.524082
0.532201
0.12706
0.949708
0.411613
0.736328
0.637401
0.237073
0.376512
0.39387
0.844249
0.105251
0.457814
0.575776
0.887868
0.266778
0.904982
0.0813454
0.788871
0.843341
0.577011
0.332554
0.711691
0.528206
0.94495
0.0710044
0.480316
0.487671
0.237922
0.415084
0.211858
0.570927
0.895323
0.634038
0.283226
0.773617
0.957753
0.0561085
0.910243
0.302021
0.00281089
0.862838
0.581869
0.0676677
0.583236
0.172754
0.157982
0.559788
0.331004
0.0613127
0.302808
0.504155
0.879453
0.927254
0.998214
0.766225
0.506477
0.802823
0.117044
0.981871
0.112898
0.339687
0.308766
0.394163
0.290081
0.771158
0.237575
0.0746879
0.156349
0.27169
0.328521
0.767398
0.960239
0.286722
0.91754
0.70251
0.27923
0.0469117
0.615978
0.819095
0.872458
0.982601
0.388754
0.052596
0.679123
0.043851
0.637009
0.118129
0.909516
0.316934
0.948982
0.078205
0.595563
0.585824
0.791877
0.123921
0.253915
0.21978
0.745844
0.347258
0.657432
0.53494
0.470468
0.346714
0.12157
0.974263
0.155428
0.0626196
0.627425
0.597327
0.542292
0.40213
0.209345
0.538349
0.515503
0.802848
0.307426
0.550548
0.264739
0.931603
0.915979
0.622432
0.224601
0.767935
0.755147
0.530651
0.867959
0.387679
0.215567
0.438455
0.0281882
0.422631
0.191536
0.0998659
0.562723
0.38207
0.22619
0.302103
0.19031
0.649681
0.0930995
0.102687
0.598643
0.101947
0.552159
0.644884
0.456776
0.660042
0.927423
0.627394
0.747935
0.997697
0.754387
0.00238436
0.641421
0.529802
0.438398
0.61341
0.759763
0.913462
0.423564
0.812351
0.802377
0.332476
0.61424
0.035079
0.927859
0.500525
0.21175
0.804898
0.179508
0.571369
0.725287
0.305541
0.690035
0.639733
0.241335
0.640803
0.314576
0.755538
0.791691
0.26101
0.969163
0.447898
0.774027
0.0122326
0.219193
0.389939
0.0876298
0.693127
0.891748
0.57133
0.372995
0.190422
0.750282
0.467813
0.0509294
0.568134
0.287644
0.548665
0.611678
0.176144
0.359714
0.408122
0.866765
0.505111
0.874446
0.375404
0.0871021
0.8767
0.557046
0.494189
0.690339
0.158182
0.428479
0.42649
0.568405
0.80314
0.938252
0.476417
0.66443
0.469676
0.725036
0.180789
0.529099
0.817189
0.119503
0.82249
0.208746
0.298736
0.730219
0.517977
0.0487541
0.901939
0.563394
0.111961
0.250774
0.954837
0.943286
0.789406
0.886873
0.70915
0.512069
0.384663
0.789396
0.236415
0.187324
0.196317
0.825548
0.502818
0.167906
0.023998
0.871044
0.998514
0.807157
0.920591
0.902906
0.483901
0.448551
0.342784
0.877184
0.00973315
0.849817
0.434808
0.410366
0.580566
0.75973
0.394491
0.491456
0.97852
0.931118
0.144379
0.878806
0.818433
0.929686
0.65931
0.879047
0.366317
0.544476
0.645749
0.989232
0.0374505
0.181918
0.748188
0.211665
0.82945
0.861819
0.561108
0.678552
0.428608
0.256692
0.861759
0.851006
0.871815
0.784517
0.227357
0.816846
0.0122886
0.870177
0.201741
0.297702
0.127652
0.0217996
0.0558723
0.291596
0.761364
0.722199
0.992549
0.334403
0.787246
0.872835
0.571388
0.756603
0.946001
0.884744
0.832705
0.618666
0.330493
0.363103
0.271107
0.114559
0.0272839
0.632931
0.887174
0.220587
0.263234
0.476778
0.926456
0.102305
0.320701
0.922577
0.865316
0.302008
0.879449
0.927225
0.412949
0.197618
0.894278
0.214562
0.777955
0.894936
0.70949
0.331675
0.839179
0.763351
0.305918
0.313196
0.224794
0.0782581
0.636365
0.905008
0.268865
0.234288
0.824109
0.413378
0.222953
0.935432
0.242286
0.536978
0.335871
0.88552
0.561106
0.809575
0.224945
0.138137
0.126285
0.282727
0.509053
0.628473
0.759425
0.395377
0.802073
0.206427
0.520303
0.802543
0.0952542
0.111132
0.502387
0.638975
0.559189
0.271693
0.332432
0.98077
0.911656
0.0205304
0.655054
0.668744
0.599743
0.11285
0.763747
0.147747
0.215619
0.604255
0.980887
0.0649803
0.716623
0.797764
0.316652
0.747782
0.596911
0.618583
0.281321
0.0687197
0.770886
0.180494
0.204518
0.212101
0.84013
0.503821
0.44989
0.83039
0.973549
0.66897
0.347799
0.719988
0.687113
0.632431
0.341732
0.931625
0.415101
0.331479
0.608968
0.673209
0.113179
0.856343
0.76527
0.459623
0.714504
0.104113
0.603093
0.0859937
0.149367
0.896502
0.889255
0.865946
0.377768
0.264323
0.341016
0.949296
0.404403
0.66661
0.9076
0.502443
0.856491
0.0494161
0.714356
0.741166
0.674064
0.206311
0.469952
0.198791
0.890966
0.205888
0.419399
0.60472
0.00922404
0.0122037
0.872203
0.976384
0.0389407
0.905389
0.885152
0.815106
0.410317
0.211404
0.179173
0.330591
0.0714313
0.874247
0.843613
0.440455
0.490272
0.366636
0.10273
0.807465
0.362489
0.29364
0.443197
0.835981
0.694783
0.0189021
0.381722
0.836656
0.300618
0.307333
0.710509
0.95432
0.517156
0.973416
0.551636
0.332155
0.886326
0.542649
0.712583
0.958453
0.571221
0.524481
0.604689
0.221599
0.794538
0.290957
0.755126
0.41153
0.914464
0.577422
0.137662
0.705464
0.332414
0.759055
0.325761
0.660011
0.187306
0.506605
0.769978
0.599486
0.952978
0.489699
0.588851
0.956518
0.084473
0.373051
0.198594
0.821333
0.0102711
0.718329
0.151329
0.914586
0.147823
0.718167
0.1325
0.0617117
0.469218
0.331738
0.445633
0.089259
0.033076
0.242146
0.571701
0.56442
0.835997
0.475718
0.441771
0.297185
0.482648
0.831553
0.946912
0.311787
0.73388
0.451845
0.675803
0.127403
0.820757
0.282646
0.808807
0.914914
0.147506
0.235434
0.0193397
0.905714
0.549255
0.821089
0.562507
0.0490538
0.0139495
0.0886056
0.103668
0.160015
0.309725
0.887335
0.244925
0.949051
0.0719179
0.237096
0.17182
0.334978
0.623533
0.178873
0.506889
0.881412
0.630196
0.320356
0.50062
0.870725
0.484919
0.695845
0.838235
0.840919
0.94756
0.269571
0.0881482
0.806148
0.29822
0.931015
0.68529
0.245402
0.455697
0.096799
0.982527
0.629094
0.857992
0.0597321
0.951938
0.051794
0.12819
0.373589
0.918814
0.982727
0.900085
0.429448
0.327662
0.701841
0.0701368
0.905272
0.041527
0.765107
0.530529
0.929013
0.376437
0.408429
0.756192
0.0758564
0.377714
0.470866
0.712145
0.451071
0.654002
0.328801
0.749033
0.0280096
0.182064
0.733352
0.626417
0.914483
0.967787
0.168512
0.805923
0.10053
0.625087
0.652483
0.182596
0.786746
0.687492
0.0562331
0.754061
0.636066
0.426393
0.502293
0.980331
0.118396
0.616429
0.212279
0.671574
0.699204
0.866226
0.222957
0.017678
0.857217
0.273993
0.679381
0.62818
0.756843
0.362647
0.0159897
0.758848
0.871362
0.510461
0.640185
0.524713
0.185169
0.994808
0.0353476
0.677843
0.574922
0.453173
0.493688
0.0934552
0.31405
0.740737
0.200959
0.763564
0.10784
0.699117
0.442127
0.216612
0.0948749
0.227858
0.710756
0.698245
0.713146
0.0488983
0.18463
0.924147
0.668258
0.491096
0.558906
0.073804
0.110513
0.102567
0.129079
0.314087
0.827528
0.319913
0.944336
0.130286
0.724111
0.983513
0.207856
0.816555
0.871107
0.0832582
0.84599
0.856404
0.221187
0.99627
0.136783
0.257816
0.697886
0.255548
0.170248
0.441258
0.72917
0.29479
0.728702
0.587858
0.208439
0.59075
0.505838
0.723984
0.879355
0.00825309
0.299112
0.509466
0.482976
0.658375
0.108733
0.436034
0.654441
0.557031
0.274572
0.606625
0.116772
0.0326903
0.139654
0.985007
0.230177
0.380531
0.0068413
0.386181
0.603661
0.173721
0.309132
0.578913
0.693455
0.695619
0.635464
0.566912
0.840822
0.126784
0.137538
0.0243171
0.330033
0.99696
0.385046
0.411397
0.948065
0.673892
0.327382
0.324167
0.479392
0.372716
0.764852
0.147392
0.618351
0.304324
0.55813
0.043812
0.287133
0.655918
0.718738
0.263016
0.725258
0.765269
0.295427
0.0259634
0.365316
0.311614
0.930636
0.921112
0.36898
0.409607
0.156264
0.736
0.0848925
0.357549
0.897404
0.18036
0.828272
0.546224
0.864794
0.869167
0.392496
0.715863
0.395155
0.675005
0.958077
0.242689
0.696828
0.765138
0.369594
0.413978
0.588399
0.409434
0.181539
0.949082
0.526684
0.966992
0.612616
0.505386
0.705921
0.316447
0.374147
0.643201
0.820986
0.346873
0.16141
0.948793
0.624466
0.980472
0.585321
0.603723
0.851895
0.72377
0.544581
0.177678
0.0971925
0.65478
0.622192
0.580927
0.295264
0.550883
0.288654
0.313559
0.205633
0.0499378
0.570457
0.756459
0.0563992
0.389245
0.0621125
0.906157
0.412949
0.010296
0.464092
0.29499
0.726603
0.457542
0.231677
0.286883
0.451527
0.953735
0.472313
0.459615
0.316154
0.717749
0.447676
0.496356
0.311653
0.542646
0.409248
0.980422
0.443158
0.417665
0.455978
0.561309
0.418708
0.103123
0.876139
0.523895
0.16538
0.582714
0.782663
0.55229
0.221088
0.435676
0.766349
0.0974106
0.757528
0.422099
0.520534
0.523815
0.927735
0.206808
0.635518
0.393501
0.637418
0.0851647
0.495829
0.553697
0.510334
0.853743
0.270656
0.560677
0.362031
0.611877
0.0959173
0.924213
0.734187
0.359449
0.619342
0.502069
0.013951
0.319085
0.946763
0.833792
0.136929
0.294613
0.465719
0.036795
0.165631
0.877503
0.877652
0.23138
0.514976
0.351727
0.0329655
0.0545193
0.291936
0.306747
0.527059
0.628112
0.20139
0.574926
0.2277
0.878715
0.99637
0.204903
0.350867
0.888038
0.529309
0.877036
0.0935194
0.818997
0.419313
0.740629
0.75167
0.753349
0.711953
0.979844
0.142761
0.406571
0.936898
0.6183
0.979166
0.046701
0.221095
0.889101
0.773976
0.972223
0.143882
0.922661
0.301256
0.822124
0.382541
0.0392513
0.491305
0.760419
0.139049
0.00283194
0.334684
0.757485
0.105892
0.298529
0.2158
0.408805
0.776305
0.524437
0.0373594
0.0627339
0.480245
0.667063
0.112696
0.308487
0.21545
0.0224575
0.0504426
0.869306
0.177033
0.808423
0.138046
0.0494093
0.975346
0.684965
0.0155209
0.284844
0.594801
0.851663
0.509161
0.863057
0.299433
0.965617
0.645268
0.785011
0.416012
0.776799
0.637325
0.664494
0.662438
0.998557
0.834345
0.191161
0.0316497
0.0430033
0.459396
0.94281
0.373522
0.0998557
0.614467
0.748603
0.835087
0.226766
0.960379
0.34709
0.905269
0.309946
0.00835121
0.194735
0.116363
0.942438
0.787171
0.718564
0.161837
0.025547
0.77687
0.253134
0.621127
0.0435413
0.809556
0.382236
0.0862244
0.995236
0.91764
0.305076
0.913087
0.789911
0.922751
0.497991
0.998372
0.543616
0.0356027
0.140998
0.259022
0.363184
0.0122861
0.601857
0.0507646
0.866563
0.241023
0.739204
0.157066
0.595258
0.133388
0.568446
0.621419
0.413451
0.651929
0.61063
0.335318
0.076593
0.288303
0.0627537
0.265148
0.584858
0.75091
0.112409
0.970759
0.839027
0.191581
0.272124
0.201389
0.950909
0.495358
0.730407
0.979436
0.308511
0.0261633
0.452074
0.443706
0.52997
0.136654
0.0970919
0.204957
0.0547298
0.770742
0.413066
0.852883
0.936259
0.10191
0.912158
0.991916
0.792098
0.326959
0.442091
0.377985
0.595959
0.801622
0.598891
0.958545
0.860811
0.894652
0.0629499
0.248278
0.309764
0.630754
0.873345
0.937525
0.10138
0.238712
0.00264248
0.133634
0.553414
0.672115
0.5373
0.545263
0.574967
0.273942
0.250906
0.0289678
0.360818
0.474028
0.476533
0.15984
0.0145777
0.409962
0.390438
0.945967
0.596697
0.508474
0.972409
0.821559
0.56794
0.535222
0.883745
0.506109
0.986354
0.596181
0.115352
0.385912
0.252857
0.638485
0.103963
0.245566
0.526839
0.0764496
0.67902
0.500113
0.114106
0.722185
0.17712
0.338987
0.606875
0.0120776
0.996883
0.0953313
0.694754
0.965916
0.462482
0.607077
0.0586281
0.509245
0.613768
0.620608
0.625876
0.752532
0.886008
0.702752
0.789981
0.768103
0.253343
0.745457
0.0718205
0.854952
0.818648
0.277189
0.0964976
0.570275
0.858629
0.783187
0.672337
0.390521
0.0726938
0.165112
0.0984366
0.437212
0.5085
0.4007
0.036667
0.772859
0.89426
0.61141
0.979908
0.852686
0.787916
0.00420863
0.123914
0.0763076
0.264736
0.692529
0.0785111
0.479409
0.595173
0.306031
0.0301113
0.913195
0.366041
0.714546
0.854266
0.144116
0.149226
0.335729
0.398763
0.050562
0.126653
0.535299
0.2925
0.995156
0.191162
0.715972
0.109559
0.151285
0.750278
0.891785
0.110059
0.569544
0.870349
0.930679
0.374963
0.388707
0.288467
0.637472
0.796259
0.715004
0.618732
0.380426
0.867714
0.999786
0.68574
0.0817311
0.233742
0.389134
0.344439
0.209258
0.838524
0.410024
0.0079657
0.374095
0.0521167
0.245503
0.631575
0.812663
0.906607
0.83829
0.498314
0.896703
0.196865
0.0654443
0.157277
0.0363766
0.465063
0.817273
0.691277
0.467236
0.895091
0.225403
0.342736
0.961657
0.936221
0.353756
0.964155
0.509464
0.441899
0.657594
0.6366
0.23891
0.494564
0.405354
0.0423801
0.396836
0.707534
0.567413
0.212878
0.748831
0.561113
0.817207
0.320115
0.886448
0.0741909
0.520092
0.335936
0.622279
0.0838199
0.365638
0.702697
0.755578
0.21157
0.766529
0.0774761
0.0591649
0.399756
0.321261
0.184626
0.0411579
0.89471
0.543981
0.577815
0.0178963
0.46104
0.245607
0.11773
0.294132
0.502524
0.0335856
0.615723
0.653672
0.335601
0.575631
0.68448
0.556136
0.677096
0.8639
0.135083
0.737186
0.941515
0.162568
0.964505
0.985158
0.684793
0.947433
0.609269
0.536302
0.261289
0.171703
0.213373
0.19188
0.0116971
0.666276
0.528003
0.395914
0.0210269
0.263601
0.869953
0.425644
0.791522
0.134684
0.42653
0.385973
0.367247
0.373575
0.813881
0.701668
0.0755934
0.351751
0.561304
0.890453
0.107728
0.592602
0.254048
0.537233
0.747339
0.583508
0.234038
0.850839
0.602453
0.499827
0.962515
0.274248
0.260433
0.747213
0.111441
0.819824
0.909294
0.787599
0.656938
0.566983
0.950963
0.161194
0.363957
0.676928
0.746859
0.80924
0.473353
0.00958514
0.274798
0.0861351
0.0639527
0.690558
0.142071
0.233759
0.640957
0.645508
0.600049
0.976947
0.0385956
0.663331
0.537694
0.528104
0.344504
0.078823
0.626631
0.289191
0.740521
0.0784329
0.337165
0.677684
0.238306
0.0818666
0.133584
0.419584
0.655498
0.699605
0.94461
0.847607
0.618892
0.829027
0.263219
0.336223
0.54957
0.182808
0.429196
0.977589
0.789009
0.462079
0.861792
0.0687595
0.316958
0.000616237
0.412309
0.526299
0.804109
0.201322
0.35032
0.780356
0.916712
0.779478
0.552551
0.924762
0.796947
0.967755
0.199633
0.396459
0.105656
0.438672
0.633628
0.00339794
0.57036
0.236759
0.918946
0.65599
0.265732
0.893105
0.885353
0.26805
0.908815
0.060359
0.824375
0.066546
0.904302
0.698278
0.980412
0.47217
0.154854
0.635763
0.552623
0.354754
0.937137
0.351993
0.810362
0.456861
0.728806
0.167235
0.707332
0.496915
0.314109
0.889462
0.634698
0.332857
0.910517
0.0548829
0.9469
0.672546
0.10869
0.0960091
0.938782
0.539524
0.943377
0.683281
0.022085
0.514
0.539328
0.877555
0.0877442
0.475669
0.116323
0.162772
0.304916
0.0282907
0.109516
0.441728
0.285502
0.46266
0.298469
0.362873
0.633043
0.842987
0.336117
0.732013
0.455341
0.060839
0.394424
0.833841
0.626038
0.330551
0.094605
0.405697
0.0807845
0.868747
0.462174
0.171617
0.487673
0.709731
0.490827
0.60432
0.559087
0.976116
0.328456
0.283765
0.190642
0.07067
0.449351
0.0380039
0.119948
0.866508
0.320902
0.260741
0.150984
0.613134
0.860379
0.342818
0.603323
0.159336
0.612329
0.868018
0.188353
0.368387
0.992293
0.52737
0.420834
0.677523
0.0746323
0.4839
0.949787
0.890515
0.496373
0.0810733
0.196029
0.156629
0.153938
0.600717
0.0679061
0.197184
0.00837546
0.465874
0.152684
0.826958
0.750683
0.354334
0.0771582
0.458099
0.231935
0.313553
0.442645
0.359889
0.0261546
0.421662
0.89976
0.167703
0.229038
0.256788
0.61859
0.974408
0.247524
0.50988
0.366368
0.281672
0.0140876
0.336514
0.715297
0.828126
0.0487411
0.767136
0.607258
0.796224
0.196454
0.291082
0.714788
0.792559
0.300265
0.795089
0.250745
0.545626
0.557188
0.811668
0.714941
0.467107
0.758959
0.497303
0.488991
0.870842
0.8469
0.341565
0.729264
0.669568
0.812383
0.168762
0.057236
0.00974576
0.1781
0.374976
0.417483
0.708573
0.226209
0.902519
0.162751
0.872214
0.618614
0.645716
0.810419
0.249552
0.9869
0.562131
0.658936
0.486209
0.53291
0.780517
0.366193
0.313711
0.248387
0.970788
0.57974
0.501026
0.298395
0.763147
0.967542
0.0745277
0.533461
0.921164
0.743182
0.115629
0.0108299
0.214931
0.22485
0.962648
0.286054
0.138426
0.918813
0.775575
0.987021
0.809266
0.428739
0.58419
0.121741
0.762218
0.112257
0.70557
0.346817
0.533369
0.688777
0.093515
0.615983
0.157403
0.632937
0.687917
0.28772
0.741306
0.491749
0.801212
0.877188
0.298569
0.671356
0.364804
0.167841
0.39173
0.677116
0.727412
0.903955
0.87088
0.686544
0.024989
0.226674
0.14072
0.956868
0.132225
0.695718
0.696734
0.585058
0.303751
0.949299
0.57855
0.741022
0.571167
0.627476
0.429381
0.146033
0.647525
0.994968
0.17563
0.826534
0.379359
0.334144
0.740646
0.0535829
0.887992
0.22344
0.232376
0.0962468
0.423849
0.366881
0.720783
0.429763
0.0943361
0.506494
0.66609
0.373942
0.345865
0.274167
0.939559
0.829133
0.766559
0.185934
0.819391
0.201917
0.320402
0.872476
0.775665
0.161782
0.186713
0.394417
0.177691
0.183339
0.204151
0.0154627
0.532121
0.527956
0.999297
0.875574
0.0374553
0.812301
0.765816
0.139944
0.217691
0.497105
0.902569
0.694153
0.515667
0.194243
0.0165977
0.19977
0.980116
0.341058
0.558459
0.201293
0.666798
0.356686
0.970288
0.645456
0.438064
0.411229
0.291842
0.900428
0.826097
0.367059
0.229254
0.510342
0.776549
0.0904
0.633431
0.765002
0.538245
0.10488
0.528712
0.0196058
0.902069
0.682942
0.27171
0.29417
0.821285
0.0902458
0.622582
0.775827
0.161331
0.729071
0.782018
0.289671
0.771544
0.963388
0.64142
0.256506
0.215152
0.268846
0.145502
0.688054
0.662597
0.763786
0.883554
0.511372
0.340928
0.0978918
0.903557
0.25127
0.670539
0.0555797
0.882512
0.100564
0.021161
0.749811
0.083988
0.779395
0.956607
0.58406
0.0826338
0.710553
0.989812
0.0733041
0.101371
0.547096
0.683722
0.655016
0.42091
0.844589
0.0308373
0.585069
0.852143
0.527627
0.61117
0.174864
0.92995
0.632575
0.421698
0.135793
0.106174
0.187115
0.190187
0.573477
0.405371
0.898296
0.594775
0.62485
0.890487
0.96175
0.537809
0.500667
0.131369
0.303239
0.920679
0.722457
0.844244
0.342901
0.936898
0.162345
3.82969e-006
0.131543
0.443262
0.536195
0.900557
0.269555
0.898647
0.805904
0.730019
0.962779
0.0805298
0.844002
0.789593
0.642705
0.155339
0.32152
0.823189
0.505299
0.223397
0.291223
0.109071
0.638331
0.147406
0.888674
0.961015
0.632895
0.711957
0.969273
0.445725
0.0818571
0.978165
0.490524
0.959621
0.975607
0.862673
0.48613
0.00380166
0.311031
0.743711
0.802023
0.913097
0.229868
0.0151992
0.910899
0.0222263
0.886947
0.758352
0.0926335
0.174785
0.154711
0.0544618
0.67513
0.568491
0.0950284
0.0790469
0.753999
0.262732
0.986115
0.416907
0.695783
0.833828
0.698569
0.632225
0.03284
0.916567
0.99584
0.939376
0.80093
0.332744
0.503838
0.670002
0.839679
0.842915
0.435929
0.841589
0.985917
0.63189
0.381692
0.887823
0.604618
0.977703
0.000981605
0.69652
0.074037
0.705658
0.67284
0.352889
0.734781
0.56018
0.455753
0.693794
0.395167
0.0345052
0.665415
0.425725
0.00313524
0.530101
0.840192
0.99823
0.0397769
0.522592
0.423598
0.0190317
0.221815
0.732575
0.951555
0.253789
0.678423
0.262922
0.122794
0.0486235
0.778974
0.617582
0.172429
0.269243
0.0827557
0.178929
0.233224
0.756252
0.0108518
0.590577
0.583227
0.247346
0.988865
0.729597
0.634735
0.0604336
0.0263276
0.120138
0.952667
0.689317
0.185398
0.0291172
0.410516
0.192913
0.607358
0.578483
0.276776
0.316297
0.993191
0.845543
0.514148
0.126281
0.947427
0.940156
0.548045
0.239657
0.524834
0.999303
0.622594
0.959242
0.14633
0.685912
0.450413
0.0415916
0.837548
0.0538431
0.8874
0.597762
0.0990568
0.485565
0.000105962
0.64186
0.249237
0.367875
0.7054
0.516089
0.118536
0.770838
0.746004
0.874745
0.373467
0.753695
0.721412
0.125707
0.0693835
0.223809
0.0126765
0.122901
0.978508
0.0186834
0.983987
0.473258
0.283794
0.0326205
0.101752
0.815432
0.398937
0.477495
0.166583
0.201592
0.572294
0.0587314
0.149031
0.0293653
0.607016
0.871237
0.296178
0.816409
0.785901
0.825064
0.789075
0.451826
0.731627
0.346231
0.326582
0.864277
0.678424
0.612461
0.131367
0.438238
0.620849
0.712209
0.782566
0.0407181
0.370765
0.286874
0.894794
0.900481
0.499856
0.821467
0.533743
0.691406
0.996556
0.241931
0.714139
0.870188
0.49299
0.670989
0.484473
0.586223
0.54023
0.903669
0.0754995
0.00160568
0.343489
0.414292
0.110213
0.976288
0.37459
0.0310145
0.145541
0.78828
0.255933
0.0406859
0.738597
0.402066
0.983435
0.285828
0.49733
0.319928
0.630098
0.823761
0.0212881
0.279097
0.197836
0.543482
0.857208
0.493642
0.131836
0.475176
0.617682
0.370871
0.101052
0.865225
0.364822
0.524747
0.519384
0.301584
0.207432
0.762476
0.134162
0.17881
0.0289758
0.942622
0.175776
0.637013
0.343625
0.351814
0.0492447
0.0356524
0.133433
0.738983
0.925924
0.314797
0.887888
0.660801
0.880862
0.203533
0.109922
0.203653
0.850208
0.428585
0.307274
0.0938806
0.704645
0.191245
0.423503
0.366184
0.353927
0.438564
0.811146
0.99286
0.339278
0.636525
0.683922
0.157563
0.94624
0.232555
0.113266
0.197913
0.239437
0.0698376
0.293519
0.789258
0.89314
0.994798
0.00674448
0.595943
0.855608
0.389536
0.0767552
0.473102
0.445545
0.906027
0.487244
0.927547
0.847635
0.552607
0.904682
0.378408
0.188989
0.962539
0.789694
0.95023
0.375991
0.662805
0.559115
0.91867
0.357484
0.379633
0.779817
0.494564
0.534601
0.896332
0.557705
0.293304
0.716689
0.83268
0.343284
0.0703541
0.250939
0.39239
0.255991
0.526647
0.627817
0.256593
0.90616
0.102225
0.169001
0.965034
0.419743
0.462407
0.969874
0.907315
0.64495
0.455238
0.472285
0.471716
0.770097
0.464299
0.970003
0.833977
0.386258
0.75736
0.567855
0.979688
0.673212
0.292555
0.930607
0.319767
0.0242688
0.353259
0.186419
0.588803
0.845197
0.92142
0.806233
0.39085
0.38285
0.940841
0.843423
0.989566
0.297896
0.485895
0.236742
0.157488
0.706408
0.601853
0.844764
0.30887
0.0543697
0.889253
0.609473
0.0352575
0.473997
0.748575
0.929006
0.222868
0.494986
0.587418
0.831242
0.747146
0.18928
0.768904
0.269419
0.659206
0.524498
0.625452
0.677371
0.421001
0.767136
0.0836622
0.698534
0.584521
0.632858
0.125101
0.8071
0.88378
0.429536
0.212465
0.902323
0.739824
0.374271
0.606845
0.970699
0.514884
0.99927
0.716967
0.383777
0.67143
0.443644
0.208089
0.878121
0.999879
0.734886
0.49337
0.722279
0.917459
0.856136
0.688459
0.171582
0.521703
0.356343
0.259718
0.754073
0.618525
0.981868
0.648342
0.396424
0.415835
0.663341
0.794609
0.752754
0.481178
0.478014
0.811811
0.128534
0.148841
0.938536
0.674787
0.349869
0.914057
0.738897
0.174052
0.243485
0.115374
0.383567
0.658182
0.826976
0.962337
0.434387
0.974736
0.986923
0.317519
0.346808
0.168819
0.482112
0.406387
0.0726255
0.840946
0.829741
0.97699
0.477289
0.955256
0.281594
0.911653
0.931252
0.858829
0.305164
0.574143
0.934313
0.637162
0.709226
0.569167
0.0375349
0.137917
0.600572
0.741332
0.0992793
0.818737
0.0798861
0.319688
0.176029
0.795589
0.83792
0.24749
0.116626
0.392768
0.987789
0.308372
0.575414
0.579821
0.108898
0.435854
0.456527
0.513354
0.29606
0.980239
0.158532
0.77982
0.40942
0.0829185
0.928131
0.372109
0.0171765
0.755913
0.799285
0.092682
0.944604
0.153681
0.773923
0.938619
0.750305
0.869736
0.19455
0.206622
0.0505293
0.0270921
0.836508
0.00296239
0.322196
0.473007
0.79409
0.418158
0.19064
0.0780804
0.582353
0.785799
0.587725
0.400258
0.433199
0.0230581
0.91675
0.0575464
0.212032
0.226575
0.438793
0.112288
0.517219
0.561803
0.990157
0.738907
0.135584
0.191396
0.741865
0.179979
0.783946
0.544698
0.0144228
0.105741
0.410906
0.984103
0.399309
0.111272
0.595552
0.655572
0.534971
0.531597
0.988331
0.728007
0.302518
0.281376
0.170323
0.136229
0.802863
0.794787
0.597809
0.538157
0.887362
0.305855
0.369232
0.592005
0.740395
0.634071
0.134468
0.81448
0.498406
0.704806
0.607079
0.663461
0.0520301
0.889085
0.828095
0.252431
0.895793
0.658669
0.667458
0.470448
0.494035
0.47727
0.700923
0.920619
0.423235
0.582662
0.532448
0.116352
0.235537
0.222256
0.252332
0.236476
0.423121
0.862367
0.733127
0.488134
0.920087
0.403804
0.609555
0.0251266
0.430296
0.940278
0.220633
0.826925
0.246316
0.707386
0.836478
0.925293
0.345604
0.857912
0.761614
0.522046
0.722849
0.188576
0.242335
0.197119
0.0491979
0.205377
0.0919485
0.393123
0.466177
0.806952
0.0490065
0.610815
0.0232041
0.148314
0.790943
0.670745
0.525734
0.54829
0.492523
0.828753
0.160767
0.634391
0.962888
0.726885
0.901042
0.779751
0.338347
0.606986
0.458072
0.78067
0.899974
0.418589
0.798726
0.0534367
0.615199
0.411298
0.0287131
0.190706
0.628587
0.23891
0.973768
0.219523
0.127426
0.840518
0.778283
0.25622
0.109157
0.719776
0.467628
0.0244455
0.30252
0.105744
0.32388
0.972836
0.51491
0.185116
0.655969
0.755807
0.431295
0.345207
0.695007
0.742116
0.524873
0.710662
0.0922309
0.332572
0.592545
0.747546
0.470551
0.332831
0.234891
0.905843
0.579422
0.359861
0.411595
0.627245
0.87344
0.0747836
0.823655
0.90698
0.244185
0.649049
0.386817
0.57621
0.504811
0.404008
0.641596
0.709383
0.767108
0.308288
0.749224
0.0326517
0.464535
0.872365
0.0838542
0.67638
0.714122
0.679205
0.785619
0.535173
0.19932
0.104286
0.515101
0.479939
0.241597
0.577596
0.684233
0.250363
0.600151
0.832078
0.382716
0.449109
0.284065
0.820834
0.500614
0.116651
0.978359
0.977717
0.21997
0.562028
0.473452
0.43918
0.808826
0.415322
0.108466
0.726175
0.94826
0.5101
0.69844
0.128608
0.370206
0.105387
0.79569
0.721304
0.397599
0.31322
0.660334
0.304003
0.482394
0.0555765
0.47998
0.169673
0.63454
0.274308
0.335689
0.0238132
0.270301
0.557564
0.606879
0.982478
0.137658
0.988168
0.878132
0.733139
0.935708
0.754245
0.688219
0.939604
0.128796
0.22975
0.977626
0.816328
0.485349
0.73811
0.00363313
0.665867
0.00748921
0.106816
0.385525
0.785999
0.693296
0.475624
0.494973
0.659353
0.428539
0.138133
0.299059
0.31622
0.918238
0.44292
0.125379
0.434256
0.718659
0.745076
0.442849
0.197593
0.327876
0.568572
0.139004
0.899598
0.425166
0.10728
0.914492
0.510865
0.920895
0.776264
0.809438
0.754335
0.461188
0.158795
0.183324
0.47492
0.23656
0.685606
0.377552
0.890608
0.151718
0.197466
0.669815
0.307258
0.634718
0.898766
0.263532
0.557614
0.872848
0.647414
0.66658
0.960856
0.312527
0.477322
0.313943
0.774721
0.678707
0.129646
0.745803
0.858965
0.236707
0.6525
0.147689
0.682285
0.530355
0.994222
0.891773
0.801248
0.0649708
0.410381
0.670317
0.606116
0.535032
0.839642
0.492844
0.53976
0.0641731
0.459183
0.112984
0.53151
0.332824
0.324295
0.271324
0.100588
0.185038
0.989081
0.16559
0.519565
0.0811578
0.828076
0.094367
0.00475132
0.848618
0.142577
0.540857
0.0495752
0.490092
0.202076
0.439205
0.432491
0.0505272
0.440531
0.245653
0.0424058
0.485731
0.867823
0.987749
0.575357
0.682383
0.722785
0.343667
0.366364
0.174897
0.729199
0.974475
0.714239
0.10005
0.607455
0.453454
0.338326
0.842902
0.465254
0.969846
0.429229
0.226433
0.668657
0.013432
0.257283
0.273241
0.266596
0.343406
0.961585
0.184702
0.3468
0.252124
0.529278
0.865551
0.84392
0.35404
0.60014
0.257002
0.830604
0.939788
0.576263
0.466686
0.463267
0.77614
0.95213
0.296144
0.325419
0.571451
0.1414
0.741117
0.43075
0.982234
0.0471065
0.197071
0.573205
0.176743
0.411579
0.271414
0.590608
0.540306
0.27902
0.749344
0.486492
0.0614339
0.166491
0.926723
0.0152781
0.877914
0.62846
0.381852
0.0606991
0.880748
0.871572
0.199215
0.371769
0.834304
0.119959
0.253771
0.661906
0.545605
0.174759
0.772668
0.888188
0.436632
0.222448
0.0272338
0.795054
0.366556
0.789708
0.699661
0.706247
0.687275
0.302788
0.822032
0.201128
0.163111
0.891772
0.960763
0.318843
0.175071
0.478315
0.330438
0.120937
0.253332
0.651613
0.894348
0.350923
0.608491
0.524636
0.409723
0.658271
0.350927
0.369486
0.53018
0.434505
0.673869
0.146605
0.595088
0.887112
0.664925
0.00748393
0.608035
0.413728
0.469441
0.87204
0.372016
0.172818
0.908493
0.805017
0.759413
0.0578925
0.652999
0.03474
0.0695214
0.165845
0.661078
0.146047
0.192083
0.044249
0.594857
0.745419
0.071693
0.744952
0.590866
0.23443
0.294572
0.482848
0.221222
0.605669
0.346305
0.825133
0.669962
0.538543
0.201243
0.63475
0.344294
0.91369
0.187778
0.519834
0.40452
0.224489
0.119521
0.206528
0.529393
0.929579
0.178612
0.281596
0.942131
0.977434
0.767867
0.110724
0.656217
0.428248
0.701313
0.38063
0.788453
0.89922
0.702016
0.445447
0.915563
0.986347
0.556095
0.938751
0.283615
0.381599
0.00664925
0.321112
0.301383
0.974518
0.50394
0.2247
0.674502
0.274937
0.948143
0.69438
0.286423
0.334744
0.883865
0.739782
0.347619
0.137192
0.712126
0.406208
0.821938
0.705179
0.147311
0.785112
0.676355
0.64622
0.109405
0.583457
0.385128
0.498315
0.59072
0.7458
0.266544
0.943334
0.0342077
0.175661
0.0881634
0.576177
0.70219
0.735899
0.567899
0.801966
0.962433
0.331994
0.512148
0.205368
0.231687
0.0665711
0.755179
0.320781
0.784396
0.622956
0.825618
0.985654
0.932139
0.0841775
0.0632772
0.269562
0.973666
0.532487
0.321014
0.125166
0.773675
0.222867
0.991715
0.843904
0.928506
0.297494
0.69172
0.683315
0.690829
0.180621
0.109438
0.707972
0.297782
0.790214
0.940788
0.577328
0.795593
0.714707
0.130897
0.964165
0.221188
0.473096
0.988737
0.0782104
0.674648
0.0761801
0.985899
0.297352
0.694021
0.804351
0.355298
0.729049
0.600541
0.183764
0.483332
0.857571
0.238028
0.437002
0.576809
0.412848
0.804504
0.922968
0.0284848
0.649581
0.0913821
0.460577
0.5085
0.800963
0.352603
0.0652044
0.95166
0.774757
0.670168
0.307725
0.750536
0.20195
0.462275
0.966419
0.0825955
0.365326
0.481311
0.277013
0.0548245
0.263599
0.368128
0.715012
0.0686613
0.680317
0.269152
0.889764
0.960634
0.329547
0.677007
0.200475
0.785413
0.527928
0.32001
0.219531
0.201147
0.713523
0.495014
0.398414
0.152355
0.15831
0.517212
0.85144
0.319074
0.781293
0.735898
0.505942
0.0541952
0.784651
0.561338
0.985059
0.829078
0.144927
0.695021
0.653413
0.374229
0.513542
0.742897
0.972275
0.995324
0.0948227
0.786565
0.262646
0.615485
0.919725
0.154811
0.117741
0.392449
0.506765
0.90311
0.155367
0.342378
0.221132
0.788274
0.685245
0.103776
0.423101
0.625043
0.287189
0.0208632
0.603058
0.2591
0.751675
0.966288
0.623443
0.221472
0.793446
0.836109
0.104959
0.121427
0.328742
0.300154
0.618983
0.5297
0.50589
0.839286
0.963023
0.0182612
0.19311
0.727348
0.894153
0.17165
0.897652
0.0246966
0.112462
0.386138
0.551285
0.203001
0.382889
0.712403
0.687052
0.304403
0.07866
0.311889
0.80784
0.786195
0.504814
0.0555888
0.102631
0.960601
0.427228
0.8268
0.203873
0.157376
0.400922
0.762057
0.264753
0.910692
0.0409358
0.273511
0.251885
0.448316
0.864303
0.515912
0.0737133
0.276757
0.987466
0.0895294
0.0919368
0.997781
0.293088
0.715385
0.355909
0.846167
0.238906
0.414284
0.757964
0.0281489
0.636446
0.604079
0.938326
0.525775
0.624868
0.896138
0.834748
0.283753
0.436029
0.651943
0.0797562
0.348041
0.474063
0.313993
0.610506
0.109131
0.518094
0.423059
0.917252
0.16566
0.521303
0.995158
0.479829
0.0936923
0.885331
0.438481
0.267078
0.0141978
0.525025
0.909393
0.897246
0.274642
0.916643
0.703723
0.803413
0.853527
0.314244
0.253743
0.934369
0.118549
0.860784
0.478465
0.280731
0.0187561
0.622909
0.582659
0.873302
0.48385
0.28349
0.938883
0.11253
0.204386
0.97995
0.909345
0.847846
0.781408
0.999087
0.79584
0.218136
0.783262
0.772811
0.143571
0.500756
0.323833
0.108291
0.680419
0.819926
0.0579854
0.578417
0.439461
0.582448
0.713867
0.0618102
0.627017
0.861364
0.229681
0.469381
0.126199
0.354014
0.101927
0.73362
0.478614
0.474571
0.24072
0.547011
0.44477
0.661285
0.490304
0.377837
0.0646225
0.865942
0.772158
0.203279
0.700562
0.137266
0.806237
0.735473
0.187036
0.835197
0.463619
0.877357
0.194601
0.696031
0.31888
0.162374
0.196028
0.164174
0.755009
0.570151
0.219359
0.795109
0.550572
0.07943
0.1388
0.438288
0.734705
0.00612409
0.13646
0.981162
0.895064
0.208278
0.343741
0.166097
0.493543
0.117634
0.889463
0.50824
0.374292
0.629343
0.447903
0.756181
0.422035
0.402008
0.301994
0.486735
0.627988
0.014959
0.473427
0.336819
0.323609
0.33886
0.844139
0.674932
0.555959
0.984927
0.935879
0.560854
0.950742
0.105553
0.876349
0.452553
0.866205
0.423977
0.898603
0.456325
0.131857
0.814498
0.726109
0.200886
0.473371
0.0209325
0.453515
0.484578
0.193421
0.532496
0.15656
0.44209
0.617987
0.538807
0.00228389
0.843731
0.544852
0.882131
0.372427
0.746726
0.408063
0.631076
0.560119
0.722138
0.166796
0.884244
0.790695
0.553972
0.555436
0.415683
0.233718
0.692577
0.561489
0.543983
0.647283
0.146646
0.034103
0.464273
0.789907
0.30325
0.610468
0.634708
0.427574
0.491887
0.188242
0.443595
0.049348
0.421261
0.618
0.472738
0.163089
0.326737
0.684281
0.17986
0.0560199
0.343014
0.5633
0.825955
0.552923
0.0539482
0.153403
0.313283
0.932867
0.111044
0.820245
0.497977
0.342301
0.306101
0.708458
0.699028
0.484285
0.102037
0.229373
0.308033
0.748923
0.0121884
0.19724
0.848931
0.59688
0.470737
0.325499
0.954926
0.799994
0.925295
0.619593
0.571563
0.114466
0.880206
0.718674
0.590235
0.931631
0.469866
0.235005
0.846559
0.62721
0.80924
0.567841
0.285835
0.18476
0.689883
0.441881
0.937449
0.257254
0.273808
0.792132
0.890618
0.614287
0.202472
0.207423
0.437901
0.329351
0.0664538
0.411244
0.231286
0.318973
0.90379
0.368756
0.161429
0.808094
0.475967
0.70607
0.929577
0.173828
0.807605
0.905972
0.804339
0.801623
0.569534
0.248879
0.432192
0.412745
0.896554
0.498916
0.544251
0.168015
0.162436
0.972757
0.516168
0.191537
0.982888
0.249076
0.667634
0.595658
0.259383
0.699879
0.609834
0.728809
0.776578
0.469096
0.367552
0.1616
0.601789
0.839662
0.556702
0.299898
0.757717
0.213668
0.540165
0.939545
0.932099
0.98019
0.502533
0.89107
0.746309
0.216533
0.856683
0.93875
0.00650616
0.465832
0.355722
0.489588
0.59286
0.717417
0.642899
0.287216
0.164006
0.0656919
0.0423793
0.0737837
0.378386
0.442861
0.107573
0.151261
0.872156
0.291064
0.841636
0.172309
0.798201
0.332568
0.617821
0.0381686
0.838636
0.166353
0.891932
0.68535
0.650466
0.726789
0.384413
0.935252
0.12986
0.230944
0.518125
0.879261
0.332091
0.833487
0.980417
0.688446
0.436919
0.496862
0.371126
0.783525
0.140652
0.0645571
0.414395
0.865983
0.375158
0.846954
0.293923
0.572778
0.131434
0.00944258
0.0420991
0.657686
0.191684
0.531977
0.792018
0.433991
0.501972
0.0428154
0.965862
0.718115
0.216778
0.232269
0.160087
0.542926
0.265738
0.501751
0.162797
0.53097
0.678342
0.127015
0.127412
0.613824
0.529142
0.179482
0.918223
0.194976
0.229855
0.665123
0.050365
0.215201
0.839011
0.733629
0.18904
0.986084
0.88428
0.357964
0.754667
0.736242
0.240123
0.192446
0.842918
0.640691
0.0778495
0.466144
0.242945
0.927489
0.563401
0.808457
0.667548
0.829045
0.0209006
0.18628
0.447324
0.146694
0.988101
0.579599
0.901354
0.266956
0.124495
0.291681
0.350608
0.752127
0.597146
0.093416
0.348991
0.829787
0.900563
0.661543
0.127034
0.693772
0.0806729
0.0994777
0.0254854
0.408378
0.807112
0.958141
0.720365
0.498238
0.769529
0.779324
0.787606
0.0253702
0.504143
0.817881
0.460981
0.857138
0.308267
0.775956
0.184788
0.599495
0.79217
0.907807
0.809388
0.515262
0.977191
0.510833
0.400126
0.257854
0.359096
0.639941
0.941233
0.0811749
0.94857
0.325643
0.842077
0.0939728
0.494477
0.860805
0.626687
0.844833
0.177953
0.210498
0.262862
0.835023
0.95246
0.501921
0.385944
0.81756
0.956918
0.0226561
0.317545
0.000170624
0.405531
0.817834
0.764683
0.124124
0.0150273
0.900143
0.049888
0.855086
0.475361
0.108525
0.57193
0.285156
0.197103
0.0462933
0.869584
0.224712
0.976642
0.46223
0.623264
0.913901
0.477232
0.3528
0.35078
0.184889
0.957316
0.272885
0.627037
0.230543
0.904042
0.698626
0.643838
0.0987187
0.378576
0.787861
0.503877
0.310798
0.874477
0.0795847
0.171043
0.312872
0.437144
0.0444171
0.375318
0.0728102
0.689564
0.981721
0.0860074
0.277538
0.46313
0.335056
0.253686
0.428736
0.710039
0.404253
0.265096
0.920234
0.288401
0.536821
0.0194544
0.128421
0.959102
0.630051
0.414261
0.902591
0.194329
0.468205
0.269514
0.578396
0.237534
0.808679
0.900555
0.110258
0.994046
0.173803
0.111828
0.813167
0.200511
0.479439
0.799917
0.137575
0.00281613
0.19055
0.871957
0.928783
0.598353
0.125775
0.418226
0.0716371
0.096265
0.665526
0.531328
0.902571
0.90946
0.337198
0.32667
0.79618
0.915654
0.887998
0.0796685
0.012639
0.158825
0.11339
0.264342
0.106878
0.203469
0.505215
0.194962
0.397443
0.910896
0.390956
0.846634
0.145228
0.750033
0.0459172
0.869872
0.211837
0.957275
0.765773
0.536643
0.775394
0.573689
0.324321
0.127216
0.456361
0.613729
0.938159
0.603697
0.321476
0.31592
0.226929
0.951482
0.27157
0.524315
0.865042
0.948883
0.207705
0.356612
0.891549
0.948643
0.298132
0.667064
0.450635
0.743853
0.171439
0.88851
0.0463114
0.116303
0.452907
0.355201
0.629196
0.742014
0.433302
0.541012
0.50289
0.946894
0.702273
0.33404
0.431345
0.396907
0.554538
0.872939
0.339711
0.826455
0.890873
0.823242
0.566708
0.969242
0.491464
0.133976
0.430479
0.945975
0.236322
0.353673
0.0207062
0.173311
0.30106
0.101772
0.135594
0.1023
0.814131
0.03402
0.463996
0.418687
0.684441
0.893728
0.597834
0.385829
0.540974
0.457077
0.207545
0.739691
0.069773
0.366522
0.904216
0.0726995
0.446064
0.35879
0.512855
0.237004
0.451912
0.792106
0.854681
0.520311
0.0770347
0.0568688
0.28406
0.187784
0.501035
0.943044
0.0213549
0.59035
0.922962
0.19319
0.162636
0.352167
0.597351
0.222468
0.709303
0.185119
0.0742674
0.478256
0.178375
0.750371
0.335242
0.627381
0.635211
0.159297
0.241073
0.224236
0.590214
0.682405
0.392103
0.446013
0.988443
0.133404
0.0152779
0.942668
0.963498
0.433495
0.886452
0.666064
0.346537
0.617005
0.72399
0.801074
0.823419
0.324906
0.692615
0.374133
0.240424
0.317178
0.458845
0.778729
0.0691091
0.258376
0.388729
0.810484
0.992
0.328461
0.761531
0.743384
0.733109
0.625801
0.946899
0.086265
0.528728
0.00475204
0.834095
0.851488
0.817576
0.535213
0.0914909
0.590594
0.882948
0.471686
0.859377
0.400891
0.232698
0.426717
0.561604
0.778065
0.997274
0.977599
0.0285757
0.276455
0.991222
0.0746537
0.485425
0.817216
0.276704
0.591425
0.160572
0.58974
0.59031
0.346873
0.175929
0.812982
0.502839
0.178484
0.732157
0.444702
0.318093
0.87003
0.822285
0.662616
0.736125
0.249622
0.245712
0.381893
0.570073
0.309485
0.561865
0.909238
0.115168
0.0634776
0.00544663
0.282995
0.447983
0.958568
0.167374
0.0854019
0.300342
0.179276
0.0619992
0.344042
0.285789
0.47821
0.118917
0.881624
0.464682
0.350191
0.343922
0.770547
0.418667
0.944588
0.564131
0.472705
0.0709166
0.185854
0.851011
0.76389
0.276712
0.669194
0.737371
0.256359
0.474496
0.125061
0.749743
0.818726
0.0483107
0.620041
0.544424
0.568218
0.637947
0.655542
0.815149
0.426863
0.553813
0.48277
0.128019
0.230887
0.0993296
0.60925
0.217871
0.550024
0.852175
0.989255
0.455286
0.0808085
0.952408
0.212135
0.493646
0.152325
0.0794997
0.560938
0.834798
0.299835
0.466805
0.339046
0.120227
0.895026
0.235034
0.97703
0.486697
0.883223
0.596156
0.3213
0.712231
0.581555
0.0565626
0.403756
0.297871
0.344726
0.981328
0.924708
0.300537
0.660066
0.962317
0.436952
0.153861
0.161812
0.198225
0.44179
0.938912
0.598561
0.0201188
0.154801
0.817514
0.394335
0.166818
0.64287
0.297876
0.846024
0.210646
0.0711645
0.301461
0.498063
0.451341
0.776972
0.913269
0.208715
0.256488
0.385621
0.157503
0.320222
0.406758
0.638804
0.0867254
0.226983
0.370338
0.77269
0.503745
0.135818
0.458476
0.282965
0.999953
0.762795
0.733333
0.489581
0.82813
0.734651
0.390446
0.45667
0.110961
0.948428
0.458364
0.138002
0.606184
0.981211
0.573665
0.712104
0.127789
0.911087
0.827767
0.561027
0.18552
0.962724
0.91687
0.795405
0.864291
0.0138151
0.590454
0.172036
0.982087
0.0221043
0.818432
0.281154
0.889088
0.455112
0.683866
0.142709
0.194031
0.47142
0.391921
0.60509
0.185849
0.108711
0.323973
0.39115
0.547356
0.804617
0.37399
0.1613
0.67364
0.493581
0.856225
0.642706
0.859845
0.594488
0.359609
0.886746
0.242509
0.634209
0.645705
0.906534
0.237339
0.280856
0.700443
0.719053
0.432879
0.174562
0.33472
0.314561
0.472783
0.902525
0.605729
0.978948
0.435945
0.114282
0.262885
0.634907
0.931657
0.693027
0.551715
0.528135
0.0725542
0.803261
0.773349
0.815028
0.651383
0.198824
0.658976
0.118283
0.0076609
0.491609
0.319734
0.836624
0.136363
0.162713
0.626525
0.105655
0.311757
0.344274
0.768119
0.414878
0.531423
0.690894
0.0999427
0.539177
0.785579
0.12305
0.6286
0.168547
0.71498
0.660842
0.475212
0.708946
0.237506
0.0944515
0.162525
0.869618
0.812276
0.566475
0.495989
0.990335
0.719076
0.723831
0.447896
0.591213
0.745983
0.958927
0.768883
0.424775
0.209447
0.801081
0.0359367
0.157631
0.409339
0.724115
0.578889
0.650944
0.65964
0.953165
0.676028
0.563633
0.1046
0.3408
0.650818
0.1307
0.0218921
0.842668
0.834791
0.938994
0.287228
0.601124
0.911187
0.534621
0.765765
0.322101
0.819689
0.473975
0.0435013
0.259324
0.440445
0.628615
0.259572
0.990272
0.182337
0.962895
0.154711
0.047707
0.34215
0.327427
0.274529
0.564516
0.957197
0.586764
0.798076
0.723345
0.836758
0.416967
0.426092
0.0642172
0.751037
0.394498
0.313899
0.655967
0.646587
0.516041
0.789088
0.733367
0.749452
0.994794
0.0296646
0.24572
0.386858
0.988715
0.583921
0.454277
0.382804
0.738432
0.428278
0.834994
0.151396
0.88934
0.768238
0.729448
0.748774
0.191443
0.332472
0.00288147
0.827506
0.848593
0.564115
0.270032
0.242022
0.859323
0.693677
0.263338
0.81892
0.299979
0.758884
0.4139
0.958425
0.0750239
0.703589
0.32111
0.537511
0.542483
0.628005
0.740841
0.728689
0.200413
0.25322
0.235709
0.654647
0.415941
0.860421
0.771015
0.0316761
0.951137
0.732587
0.357042
0.151355
0.548782
0.976687
0.226995
0.698931
0.163343
0.515305
0.245499
0.371897
0.724297
0.441618
0.713326
0.922589
0.606342
0.14824
0.536178
0.00238323
0.326604
0.706921
0.502949
0.970512
0.398305
0.08722
0.691667
0.782647
0.549682
0.494497
0.673702
0.790111
0.028645
0.070036
0.490934
0.184404
0.708274
0.676528
0.550294
0.399484
0.511258
0.819444
0.824976
0.204718
0.892516
0.573191
0.377288
0.878009
0.491169
0.562486
0.177412
0.51959
0.356051
0.535827
0.0620184
0.528387
0.750726
0.508591
0.483934
0.887622
0.0723219
0.180832
0.940342
0.358263
0.500871
0.396821
0.395174
0.00364052
0.50254
0.751822
0.150466
0.637649
0.363807
0.0930977
0.809182
0.817732
0.0328236
0.0946906
0.527607
0.732149
0.854147
0.115117
0.730453
0.368184
0.871856
0.869717
0.82099
0.226349
0.841908
0.842217
0.586228
0.0161008
0.656891
0.192484
0.076621
0.72194
0.0361948
0.524427
0.0251403
0.446632
0.639524
0.90329
0.586022
0.855352
0.272473
0.995834
0.77994
0.398214
0.586889
0.730395
0.1933
0.531703
0.737149
0.47713
0.987109
0.683655
0.0397277
0.00281144
0.186535
0.0263381
0.591954
0.415596
0.19376
0.350736
0.00161839
0.792794
0.881133
0.995705
0.704172
0.939054
0.47905
0.383858
0.67286
0.354631
0.308014
0.722968
0.898082
0.547296
0.118892
0.595345
0.768833
0.0471365
0.50938
0.710712
0.300627
0.400309
0.977424
0.633419
0.161869
0.466536
0.295402
0.768031
0.0664543
0.156793
0.244176
0.634423
0.768942
0.74796
0.327125
0.345008
0.948774
0.663306
0.981406
0.731616
0.685343
0.209536
0.601348
0.472086
0.451328
0.868546
0.588799
0.589994
0.0184117
0.253314
0.942259
0.811127
0.104184
0.962657
0.996099
0.684482
0.472533
0.449463
0.636768
0.291238
0.424074
0.694726
0.523459
0.91549
0.148738
0.147324
0.566787
0.501449
0.325194
0.747758
0.793149
0.975537
0.360129
0.822585
0.160315
0.458059
0.511716
0.439552
0.335396
0.952739
0.995014
0.197982
0.066464
0.731192
0.319645
0.122897
0.923308
0.906428
0.719758
0.528981
0.10842
0.700694
0.806327
0.451562
0.605041
0.7022
0.123608
0.316429
0.53017
0.602814
0.939322
0.690936
0.22173
0.417786
0.412609
0.356819
0.251597
0.653246
0.314781
0.590483
0.911345
0.751271
0.842817
0.303536
0.867309
0.322519
0.201507
0.490348
0.698088
0.950399
0.490636
0.656459
0.674503
0.703878
0.514385
0.682597
0.615969
0.770568
0.547272
0.985234
0.376134
0.368523
0.612736
0.331876
0.529923
0.877536
0.455459
0.591524
0.179657
0.459259
0.760481
0.918773
0.303074
0.0811941
0.888389
0.263046
0.906289
0.57386
0.487607
0.811252
0.979258
0.7336
0.631356
0.702397
0.742452
0.160449
0.892431
0.723531
0.790232
0.0715276
0.785341
0.214122
0.187545
0.465282
0.103086
0.913935
0.622542
0.991117
0.00145318
0.617039
0.598925
0.411366
0.486681
0.525973
0.532067
0.360202
0.279524
0.1099
0.531852
0.342134
0.70863
0.113366
0.363574
0.333686
0.430641
0.639482
0.788766
0.492865
0.564515
0.808684
0.0856651
0.690667
0.435053
0.0868062
0.232979
0.951895
0.974364
0.370633
0.299377
0.8123
0.99536
0.074569
0.730004
0.0847901
0.552737
0.93384
0.386014
0.190566
0.169104
0.634742
0.0260406
0.940467
0.414285
0.490199
0.802677
0.428987
0.966994
0.806893
0.0872737
0.874925
0.397423
0.0711527
0.563101
0.149185
0.600671
0.661544
0.650608
0.29398
0.441341
0.426222
0.260006
0.981139
0.295927
0.792686
0.365169
0.682404
0.227702
0.831842
0.873258
0.473306
0.820922
0.320284
0.952357
0.922595
0.865576
0.91852
0.884422
0.302625
0.323911
0.276708
0.641622
0.268931
0.731533
0.180563
0.759495
0.420064
0.286631
0.45901
0.865093
0.530207
0.880555
0.773639
0.982962
0.178478
0.976816
0.858208
0.734814
0.619644
0.273024
0.602775
0.761991
0.449167
0.750667
0.84742
0.159819
0.125547
0.62694
0.703772
0.489392
0.215559
0.0298306
0.946964
0.803102
0.0679207
0.754205
0.0939069
0.687548
0.759766
0.999699
0.793228
0.519191
0.22408
0.853375
0.218249
0.62677
0.810187
0.979741
0.810411
0.590145
0.56171
0.47396
0.627577
0.296958
0.0430143
0.652165
0.592661
0.219599
0.115776
0.715023
0.82735
0.400665
0.520664
0.610365
0.694312
0.216098
0.728806
0.805156
0.713636
0.183507
0.229888
0.179502
0.770101
0.729051
0.0830382
0.503297
0.648811
0.486961
0.561419
0.190335
0.563651
0.381032
0.22707
0.0943523
0.527712
0.0208368
0.914949
0.0856984
0.570656
0.241286
0.0710827
0.831312
0.950405
0.614433
0.0740063
0.974219
0.373148
0.276862
0.216899
0.674712
0.192609
0.662967
0.490226
0.242028
0.780638
0.10098
0.396607
0.730136
0.843747
0.374263
0.515635
0.656852
0.761358
0.973621
0.285975
0.0162299
0.825103
0.563348
0.457243
0.675569
0.875062
0.259534
0.0120526
0.725462
0.229371
0.413134
0.950178
0.45276
0.161521
0.25351
0.415968
0.188877
0.158955
0.52918
0.0378685
0.194312
0.249855
0.424513
0.381288
0.754497
0.0529132
0.633179
0.692497
0.188234
0.863046
0.651875
0.87562
0.912797
0.724659
0.0769289
0.482969
0.910765
0.193304
0.20729
0.490218
0.620828
0.0780245
0.397702
0.300457
0.833314
0.393661
0.425111
0.159836
0.446638
0.310264
0.20812
0.415421
0.757599
0.299304
0.866105
0.158861
0.974677
0.741914
0.180179
0.682968
0.238514
0.919262
0.938341
0.337109
0.413511
0.370129
0.0544139
0.872195
0.0039964
0.848262
0.0858055
0.131798
0.78338
0.971239
0.286922
0.231694
0.788133
0.963515
0.298617
0.973775
0.725505
0.887247
0.152229
0.902117
0.245201
0.251731
0.254891
0.186356
0.839915
0.731952
0.102902
0.689512
0.415013
0.033392
0.0350893
0.411551
0.779915
0.715058
0.800903
0.527419
0.564282
0.965375
0.0217081
0.865307
0.130132
0.367977
0.655555
0.963523
0.416725
0.789799
0.739825
0.50309
0.249474
0.742944
0.412117
0.00479412
0.865022
0.738373
0.763244
0.299428
0.857934
0.242667
0.088658
0.0965954
0.39097
0.0409797
0.511155
0.273318
0.443451
0.180289
0.498474
0.427443
0.422905
0.822244
0.89194
0.999566
0.0469526
0.456969
0.165561
0.530137
0.359525
0.941146
0.605541
0.409699
0.440148
0.384739
0.257456
0.851371
0.989224
0.498252
0.334886
0.789174
0.513931
0.566095
0.204144
0.122511
0.664356
0.53911
0.828208
0.460815
0.921869
0.976515
0.5761
0.0191516
0.464139
0.357397
0.88068
0.978555
0.702134
0.085317
0.720995
0.795044
0.193274
0.468932
0.687768
0.573537
0.0887925
0.378308
0.838169
0.889977
0.983115
0.872263
0.52422
0.47234
0.0703614
0.998877
0.658554
0.438937
0.179314
0.531393
0.860773
0.781152
0.359365
0.841087
0.501603
0.573162
0.147566
0.748787
0.00981993
0.793666
0.39997
0.959528
0.90464
0.848239
0.212464
0.0732872
0.485125
0.692694
0.379761
0.190564
0.778369
0.632838
0.700338
0.313702
0.73264
0.981433
0.783302
0.065405
0.381421
0.740445
0.101804
0.284828
0.471334
0.0912563
0.640707
0.436837
0.417452
0.353243
0.00587065
0.980958
0.834908
0.884966
0.623038
0.142551
0.627072
0.803233
0.0421585
0.284674
0.34639
0.768768
0.998077
0.724605
0.801899
0.837358
0.929366
0.18099
0.681499
0.88985
0.701584
0.891729
0.0510903
0.619898
0.379184
0.562327
0.0443275
0.848205
0.399789
0.581979
0.84422
0.756182
0.387115
0.269271
0.982701
0.928568
0.131901
0.969994
0.0967218
0.604759
0.355144
0.330193
0.709483
0.296845
0.837951
0.0403355
0.493288
0.594923
0.568636
0.115226
0.0582942
0.800501
0.121781
0.987439
0.495545
0.260472
0.374482
0.410346
0.596145
0.9117
0.156389
0.603978
0.327449
0.680977
0.110654
0.549469
0.362878
0.79399
0.139237
0.799183
0.836138
0.775939
0.355252
0.699436
0.572099
0.203773
0.0265709
0.542315
0.437902
0.961915
0.616946
0.0756947
0.323007
0.26058
0.571357
0.866302
0.129811
0.404764
0.917309
0.334339
0.913513
0.813338
0.0739332
0.918243
0.246095
0.906475
0.515025
0.297438
0.414389
0.68708
0.858148
0.121861
0.27267
0.357504
0.597527
0.655769
0.921115
0.600313
0.0732276
0.25224
0.974742
0.0754465
0.572039
0.956387
0.921358
0.0506804
0.0977684
0.622277
0.807374
0.997339
0.137748
0.107929
0.822124
0.0692463
0.547022
0.963854
0.414318
0.678005
0.031745
0.20819
0.115866
0.660939
0.148445
0.474084
0.874981
0.703813
0.0765554
0.0916947
0.457224
0.798013
0.474525
0.324935
0.879752
0.526581
0.947514
0.914353
0.67994
0.995742
0.551755
0.164466
0.323828
0.514361
0.352249
0.970358
0.901334
0.23046
0.193403
0.204197
0.811194
0.0256263
0.452535
0.938036
0.809929
0.3551
0.222617
0.371213
0.802727
0.816051
0.460916
0.896309
0.871005
0.785166
0.470071
0.488883
0.174429
0.292939
0.522376
0.709612
0.714675
0.904424
0.325526
0.206269
0.650081
0.84738
0.0868578
0.860091
0.919312
0.845584
0.908505
0.771631
0.503375
0.583633
0.829656
0.879878
0.991483
0.614258
0.465266
0.847505
0.270048
0.0526146
0.326857
0.572238
0.825216
0.341207
0.646619
0.0215163
0.711353
0.734068
0.92319
0.709636
0.774166
0.73783
0.683044
0.875248
0.0600441
0.747805
0.147704
0.971154
0.608785
0.170545
0.805705
0.502211
0.522542
0.323233
0.23038
0.0296467
0.729463
0.380356
0.120209
0.393841
0.950294
0.0683161
0.677794
0.708419
0.739915
0.6918
0.205293
0.33362
0.7461
0.41676
0.0163821
0.360891
0.896714
0.732201
0.626392
0.739715
0.785243
0.675648
0.976539
0.396575
0.699743
0.114724
0.476891
0.944362
0.140855
0.664708
0.51335
0.584345
0.423912
0.761847
0.291051
0.866951
0.676898
0.311437
0.288902
0.614259
0.755823
0.153489
0.35336
0.751501
0.618337
0.558938
0.0486547
0.13392
0.705673
0.0377764
0.864965
0.855429
0.0558899
0.690407
0.841271
0.668212
0.492476
0.139125
0.757562
0.191998
0.705638
0.0652686
0.404072
0.770929
0.393724
0.566803
0.283791
0.879015
0.767598
0.398856
0.256435
0.0629232
0.020064
0.699735
0.793837
0.623243
0.0566423
0.264804
0.597028
0.500038
0.7084
0.403257
0.321573
0.601529
0.123458
0.350093
0.523986
0.596281
0.731672
0.192116
0.954383
0.489907
0.179231
0.956031
0.788502
0.00136051
0.313097
0.82262
0.491687
0.564732
0.468827
0.86076
0.282032
0.966403
0.301496
0.940703
0.88226
0.645
0.484458
0.0467416
0.227584
0.0517575
0.976786
0.886843
0.25618
0.455053
0.362682
0.617726
0.942983
0.811749
0.569677
0.980723
0.770066
0.633014
0.857211
0.99902
0.521282
0.113795
0.132838
0.0571822
0.729656
0.989671
0.241585
0.994792
0.256394
0.604073
0.954957
0.204997
0.450144
0.262242
0.68403
0.251071
0.228311
0.093387
0.316138
0.301378
0.717082
0.412391
0.344826
0.441783
0.0704538
0.671708
0.354198
0.0771748
0.217867
0.0364569
0.10604
0.891587
0.0903544
0.220706
0.46995
0.396074
0.957206
0.965522
0.324091
0.899873
0.989451
0.789739
0.952203
0.107601
0.468546
0.903484
0.195937
0.576133
0.278923
0.80635
0.146174
0.461555
0.469814
0.562605
0.614417
0.668725
0.700072
0.851412
0.533136
0.0409289
0.179508
0.323844
0.697274
0.950573
0.599614
0.0564338
0.999152
0.897192
0.258166
0.725305
0.140875
0.565999
0.459574
0.688879
0.206364
0.528267
0.833205
0.0617698
0.914518
0.494661
0.985488
0.397181
0.54814
0.115528
0.612673
0.750955
0.0813435
0.383449
0.117012
0.392872
0.32171
0.966655
0.569841
0.468913
0.624778
0.273734
0.513011
0.896218
0.72929
0.0241797
0.380001
0.748239
0.927192
0.973999
0.50348
0.537764
0.807133
0.725873
0.0534002
0.920643
0.0068006
0.1196
0.630053
0.055298
0.668512
0.627915
0.572993
0.288895
0.256121
0.71987
0.969239
0.228719
0.401698
0.924321
0.862482
0.83428
0.0653014
0.567634
0.0924428
0.651928
0.0590625
0.0330963
0.92719
0.53866
0.194675
0.34092
0.523039
0.297378
0.459427
0.864188
0.778474
0.987439
0.521559
0.859635
0.862835
0.208424
0.733848
0.997136
0.00159437
0.574608
0.981247
0.550623
0.106831
0.641819
0.111538
0.914014
0.249899
0.780734
0.622223
0.800252
0.0145591
0.803116
0.380195
0.735527
0.995867
0.614577
0.369219
0.124362
0.955784
0.31201
0.440757
0.593116
0.678625
0.933802
0.334462
0.956019
0.679841
0.487587
0.0362484
0.00755541
0.233117
0.282128
0.846766
0.75672
0.356462
0.53897
0.831311
0.324162
0.813502
0.817775
0.917273
0.453848
0.150087
0.480188
0.7503
0.975382
0.575618
0.768406
0.490744
0.902199
0.676507
0.247223
0.357133
0.546548
0.762105
0.550995
0.679229
0.882892
0.333464
0.0752016
0.0717107
0.712095
0.344558
0.151536
0.797667
0.342287
0.682615
0.234459
0.989362
0.482742
0.280869
0.84784
0.731984
0.530538
0.671262
0.0325519
0.203989
0.62273
0.925163
0.718204
0.974977
0.225428
0.9945
0.490625
0.00617186
0.901886
0.637475
0.840595
0.136102
0.110228
0.315399
0.429533
0.800723
0.298943
0.495649
0.337245
0.554363
0.948921
0.748866
0.383809
0.369106
0.820742
0.710918
0.452525
0.663244
0.528096
0.330622
0.073471
0.758981
0.544709
0.932144
0.608836
0.490462
0.370875
0.357888
0.172244
0.448021
0.185818
0.576324
0.349711
0.55819
0.906149
0.53143
0.0989615
0.796725
0.807935
0.810863
0.134523
0.949821
0.874536
0.541397
0.501917
0.49544
0.624945
0.996605
0.405952
0.77896
0.49534
0.19075
0.6917
0.678594
0.36799
0.73877
0.842273
0.146087
0.289858
0.321195
0.249719
0.451681
0.828115
0.298349
0.669987
0.764035
0.34775
0.724396
0.382133
0.670315
0.638241
0.185067
0.0442342
0.353504
0.614697
0.653203
0.0356263
0.476479
0.146704
0.24226
0.856742
0.000265437
0.233188
0.706933
0.8194
0.768871
0.565737
0.221851
0.410683
0.874745
0.373508
0.364607
0.898652
0.522406
0.750871
0.71429
0.425299
0.0125238
0.664115
0.89968
0.893993
0.849415
0.670101
0.329412
0.0342854
0.801471
0.881429
0.0629443
0.607067
0.0917985
0.802423
0.635657
0.840421
0.794693
0.250786
0.44968
0.764004
0.812808
0.404835
0.917934
0.0931722
0.347859
0.112824
0.647342
0.61079
0.716447
0.291363
0.211148
0.0172862
0.672914
0.557956
0.504284
0.558118
0.306385
0.792589
0.00416644
0.316604
0.768933
0.253557
0.117596
0.792611
0.898949
0.827754
0.0627169
0.356326
0.728491
0.846052
0.272632
0.334136
0.428675
0.948648
0.945404
0.630204
0.722034
0.598776
0.0729464
0.375415
0.0899649
0.163033
0.566743
0.213501
0.909051
0.245589
0.578214
0.236986
0.811371
0.455734
0.748587
0.164603
0.8832
0.481072
0.0788197
0.898076
0.1458
0.659431
0.452301
0.00841727
0.0887704
0.706398
0.867141
0.809591
0.611861
0.0791074
0.109734
0.511043
0.263203
0.604075
0.855947
0.320517
0.00752959
0.115575
0.778921
0.981136
0.998201
0.837445
0.318491
0.386656
0.88831
0.00165616
0.245039
0.244744
0.835456
0.200464
0.582324
0.435545
0.280984
0.716087
0.6869
0.866174
0.798729
0.162873
0.246527
0.79925
0.158584
0.147587
0.517352
0.442041
0.563752
0.984859
0.267475
0.802434
0.493469
0.0301942
0.20325
0.574982
0.320936
0.405086
0.678604
0.601923
0.526103
0.24538
0.474904
0.538434
0.332368
0.856527
0.616249
0.37325
0.144177
0.930855
0.911127
0.653703
0.242134
0.713951
0.635447
0.219733
0.568533
0.487947
0.504216
0.63188
0.733517
0.357178
0.667627
0.746636
0.637195
0.808571
0.872955
0.619712
0.0148292
0.786849
0.0571498
0.162536
0.570937
0.568276
0.254862
0.518969
0.112739
0.619821
0.469688
0.704425
0.725047
0.685695
0.186597
0.0566514
0.662677
0.84725
0.878437
0.995169
0.680926
0.1412
0.566552
0.0561117
0.685576
0.437724
0.319853
0.140559
0.56993
0.799122
0.942426
0.968993
0.86857
0.763146
0.837734
0.438693
0.173083
0.850036
0.419181
0.719872
0.846979
0.54359
0.96494
0.337007
0.258669
0.942847
0.485673
0.819898
0.568031
0.178843
0.309264
0.937308
0.0649544
0.79168
0.293447
0.0681217
0.342806
0.344839
0.0340745
0.350465
0.116261
0.020089
0.923907
0.712483
0.45826
0.4665
0.297575
0.873912
0.674822
0.978673
0.6849
0.592441
0.976961
0.968725
0.602581
0.581437
0.737861
0.812769
0.248159
0.855799
0.191332
0.378253
0.318514
0.156862
0.314018
0.0784762
0.237508
0.552368
0.901433
0.51418
0.767489
0.52886
0.719193
0.066511
0.292015
0.76394
0.216183
0.981388
0.840912
0.222404
0.47205
0.104843
0.0654021
0.591489
0.689888
0.867853
0.381807
0.845275
0.119333
0.862835
0.889255
0.998738
0.336914
0.917677
0.7489
0.986952
0.975328
0.956717
0.595452
0.353005
0.150255
0.226751
0.613509
0.948269
0.231921
0.321941
0.462589
0.613655
0.649239
0.436559
0.945013
0.957778
0.44792
0.35503
0.0749064
0.608611
0.333859
0.127326
0.483948
0.843996
0.053069
0.095389
0.890153
0.670848
0.0561143
0.715609
0.707253
0.599236
0.62369
0.614
0.126701
0.83883
0.509761
0.57975
0.416771
0.766186
0.258167
0.135162
0.203208
0.00210035
0.953121
0.579109
0.676146
0.339899
0.0597098
0.252721
0.530305
0.230897
0.107427
0.993318
0.851295
0.574991
0.724649
0.0437413
0.194595
0.211261
0.0145206
0.807617
0.984256
0.154557
0.0705987
0.965252
0.485599
0.177035
0.725114
0.292445
0.909061
0.955475
0.368044
0.80517
0.781472
0.927405
0.0308607
0.197383
0.242331
0.460373
0.420245
0.530845
0.881309
0.855669
0.970162
0.377242
0.420478
0.870527
0.92591
0.869651
0.548517
0.843663
0.946412
0.0673751
0.370057
0.625605
0.850371
0.573249
0.206417
0.749862
0.382419
0.614982
0.615319
0.327947
0.384662
0.480074
0.39557
0.759754
0.0229633
0.5928
0.595009
0.843946
0.738461
0.555109
0.0606391
0.410657
0.722475
0.302794
0.684118
0.155825
0.0166942
0.852473
0.643694
0.583669
0.143361
0.798247
0.418647
0.535618
0.0408838
0.71299
0.554279
0.896671
0.587373
0.819711
0.0760013
0.631417
0.506199
0.192449
0.0828959
0.884351
0.349059
0.775909
0.919243
0.117943
0.59479
0.353874
0.161515
0.489581
0.0468621
0.548854
0.204546
0.184681
0.263605
0.726845
0.789642
0.702963
0.618404
0.884496
0.114436
0.851802
0.272506
0.339282
0.379395
0.244779
0.631183
0.557113
0.947483
0.0965511
0.384493
0.77722
0.679575
0.695133
0.481835
0.247639
0.0230137
0.665387
0.0402445
0.999857
0.347414
0.34983
0.576611
0.500471
0.513321
0.446133
0.783895
0.462038
0.630603
0.78293
0.199278
0.432396
0.290652
0.777699
0.585857
0.676469
0.25125
0.347982
0.654211
0.263162
0.260099
0.92321
0.975961
0.821557
0.572413
0.397239
0.139469
0.856903
0.867954
0.116789
0.389536
0.408538
0.753686
0.925932
0.352721
0.836516
0.378344
0.139536
0.994153
0.567868
0.289672
0.794205
0.702668
0.48273
0.835782
0.635754
0.336535
0.87058
0.786974
0.833388
0.0796167
0.673202
0.366343
0.744567
0.61023
0.484975
0.147195
0.500809
0.964954
0.50976
0.0635289
0.0383608
0.323006
0.595268
0.237554
0.457407
0.752531
0.876256
0.0107643
0.569743
0.631396
0.769745
0.514325
0.410223
0.289296
0.665433
0.437969
0.55986
0.181778
0.952491
0.63412
0.398898
0.825887
0.848304
0.757011
0.281433
0.658035
0.258713
0.947695
0.715889
0.67883
0.733244
0.896499
0.163317
0.953223
0.282282
0.882021
0.874347
0.709294
0.201737
0.517849
0.443884
0.666369
0.755734
0.00329005
0.715236
0.829353
0.409685
0.374181
0.727752
0.258483
0.412428
0.150999
0.570335
0.088272
0.0132221
0.743614
0.899025
0.867046
0.315855
0.102532
0.885478
0.187757
0.658015
0.225906
0.303356
0.995989
0.88966
0.51795
0.501463
0.547351
0.105705
0.0331641
0.813893
0.147865
0.766947
0.816818
0.622624
0.941875
0.643677
0.56094
0.144292
0.429123
0.289156
0.710523
0.403562
0.270126
0.271623
0.145194
0.973317
0.708521
0.490483
0.336233
0.940194
0.740659
0.202503
0.80736
0.187355
0.892316
0.388121
0.285502
0.2232
0.606201
0.777615
0.821894
0.162367
0.887692
0.630892
0.540113
0.739088
0.665084
0.794039
0.482025
0.333791
0.917012
0.455554
0.820835
0.805628
0.918166
0.387006
0.191004
0.725213
0.308621
0.535046
0.471573
0.930267
0.700902
0.530466
0.474549
0.628072
0.157896
0.0247765
0.0910357
0.910685
0.955275
0.576983
0.753437
0.415557
0.2093
0.118095
0.543083
0.837435
0.0766753
0.747188
0.74516
0.979248
0.671231
0.935186
0.708866
0.0417637
0.359897
0.915288
0.139636
0.863247
0.603356
0.236785
0.35824
0.294434
0.640618
0.972628
0.443129
0.321678
0.543795
0.223684
0.711888
0.0685459
0.167935
0.461922
0.158676
0.667216
0.163863
0.0317298
0.65201
0.611175
0.454467
0.222587
0.306398
0.577874
0.677273
0.491683
0.80006
0.0113778
0.42901
0.914286
0.0223812
0.0796933
0.97251
0.511799
0.579153
0.855253
0.414348
0.0139028
0.948517
0.774723
0.983842
0.0350835
0.112462
0.340278
0.1959
0.974712
0.498155
0.142496
0.718017
0.985574
0.558065
0.674169
0.544594
0.051008
0.0587016
0.177811
0.391744
0.514232
0.675445
0.266243
0.341268
0.332741
0.106204
0.108867
0.616331
0.74588
0.974411
0.502555
0.0788391
0.276227
0.139046
0.26052
0.0729303
0.557004
0.555215
0.450104
0.242453
0.87241
0.324092
0.580978
0.190721
0.331831
0.332798
0.8056
0.808803
0.391957
0.110099
0.0567799
0.117267
0.487697
0.0103095
0.319232
0.146917
0.230701
0.457286
0.137064
0.498446
0.783325
0.691152
0.518802
0.356754
0.0261143
0.286312
0.910301
0.868209
0.26135
0.403905
0.497611
0.328516
0.117257
0.230616
0.0433492
0.280974
0.818746
0.108203
0.894102
0.0165268
0.918674
0.439483
0.230543
0.528169
0.126293
0.450071
0.375098
0.905875
0.513464
0.980572
0.963959
0.907227
0.908726
0.259923
0.18471
0.254699
0.439747
0.365365
0.38786
0.208384
0.201411
0.753724
0.603712
0.384106
0.0503279
0.838917
0.534532
0.734463
0.0287494
0.172139
0.689707
0.972813
0.231169
0.283046
0.120592
0.58308
0.448038
0.349486
0.124964
0.612811
0.989305
0.938984
0.992166
0.194111
0.712864
0.618251
0.805549
0.923936
0.265879
0.801621
0.823894
0.552375
0.0683378
0.159439
0.548707
0.662251
0.499431
0.548093
0.193995
0.189408
0.346689
0.794001
0.0960727
0.581975
0.742385
0.642688
0.864077
0.317963
0.615976
0.416608
0.258528
0.333644
0.583046
0.308929
0.743652
0.69074
0.197192
0.893393
0.701408
0.445211
0.535011
0.710137
0.00512566
0.999894
0.553245
0.0859437
0.828751
0.29659
0.827723
0.242714
0.625819
0.891541
0.0364153
0.676872
0.844634
0.812974
0.848635
0.185548
0.742226
0.860889
0.384193
0.921013
0.461852
0.581942
0.737568
0.464465
0.799868
0.645603
0.0346477
0.810663
0.0124237
0.655116
0.0644258
0.53835
0.524533
0.42339
0.854625
0.829417
0.713208
0.14225
0.155156
0.810123
0.284787
0.673817
0.317675
0.401134
0.026818
0.176409
0.0032516
0.771942
0.395685
0.876583
0.361299
0.80419
0.63164
0.796594
0.175965
0.449423
0.650441
0.289724
0.637855
0.607068
0.887902
0.257681
0.499166
0.78605
0.690454
0.920858
0.320327
0.217591
0.336445
0.819977
0.948803
0.346402
0.425602
0.869979
0.201787
0.632716
0.579499
0.0932341
0.848277
0.437295
0.307679
0.262628
0.312169
0.638352
0.847991
0.95547
0.533832
0.901892
0.738259
0.878518
0.293126
0.35559
0.872213
0.561948
0.724717
0.113832
0.472423
0.620442
0.607893
0.386916
0.464128
0.0413452
0.304057
0.450325
0.137724
0.0457569
0.48594
0.853465
0.72612
0.130063
0.524989
0.600691
0.362252
0.644527
0.930601
0.020336
0.770634
0.413147
0.135691
0.917178
0.365526
0.544437
0.645827
0.0883107
0.921441
0.124109
0.660622
0.0506769
0.22933
0.452816
0.839518
0.52801
0.352032
0.411378
0.0980451
0.756807
0.815069
0.418416
0.790028
0.528898
0.936928
0.731067
0.907687
0.842894
0.168304
0.911855
0.552506
0.481307
0.940969
0.899695
0.458143
0.0867491
0.0975154
0.378306
0.316574
0.876185
0.646191
0.619155
0.977069
0.857128
0.84591
0.287031
0.609039
0.626277
0.765927
0.07137
0.858927
0.452374
0.10032
0.496457
0.296269
0.9923
0.620302
0.555354
0.337676
0.731576
0.802743
0.0554167
0.161246
0.319284
0.166829
0.400205
0.991444
0.0843656
0.325014
0.389271
0.883327
0.822594
0.91663
0.563673
0.472869
0.884851
0.72721
0.747163
0.551019
0.0258276
0.993621
0.810289
0.0165952
0.947424
0.753534
0.184017
0.257909
0.338156
0.918908
0.568579
0.392822
0.0301186
0.354229
0.473571
0.172288
0.755953
0.322376
0.945537
0.887488
0.0577971
0.0266098
0.46276
0.536268
0.957553
0.676546
0.869071
0.473263
0.478825
0.269308
0.746283
0.536475
0.95189
0.921464
0.961682
0.295713
0.158725
0.025443
0.325885
0.720937
0.0871559
0.141253
0.670798
0.985889
0.162596
0.0536515
0.318526
0.97384
0.550121
0.941716
0.783698
0.613545
0.700233
0.0118249
0.720008
0.0206161
0.1386
0.861006
0.061706
0.0460243
0.211397
0.938388
0.383552
0.276077
0.400395
0.928293
0.0874632
0.961267
0.699827
0.939158
0.574859
0.885843
0.343244
0.828903
0.255151
0.417625
0.575961
